8008
7510 4039
6003 6239
5861 7842
5446 5206
4164 6363
6079 6321
6185 7158
4472 6125
7988 5496
7236 4946
7896 6781
6684 7385
5030 7333
7150 6656
7421 7406
5026 7449
4063 7610
5118 5330
7497 5328
7584 5036
7246 6763
5098 7608
5372 7685
4310 6908
7846 5705
5598 5435
6773 7363
7167 6062
5171 6310
6811 7240
6463 5544
6489 5805
6245 4369
5159 7895
7674 6564
4637 4778
5035 5149
5898 4968
6004 7644
4753 7986
5160 7259
5801 7224
7145 5794
5042 4213
4385 5896
7273 7121
6796 5505
5302 7164
6102 4213
7944 6324
7155 7473
7337 5828
5992 4511
5334 7391
5542 6978
6359 7490
5485 6728
5842 5241
4417 4078
6782 7551
4758 4795
6264 6145
6824 4025
7755 6532
4362 4141
6294 5310
6759 7332
4275 4379
4912 7911
4369 4432
4527 5055
7672 7474
5660 5007
6944 7203
4928 4937
4920 4904
6471 7241
5576 5904
5444 6327
5434 4819
7235 6834
5920 7064
4853 7777
7831 5739
7199 6362
5059 6986
4537 6523
5629 6952
4019 4856
7345 4736
5871 4301
7721 5650
4753 5300
6956 7818
7150 5013
6090 7231
5326 5717
6295 6972
6096 7347
6420 5749
4575 5078
4160 7728
6286 4568
5813 5904
4938 5765
7855 5234
7409 4378
6702 7564
4523 6918
7100 7662
6247 5502
7697 4760
5792 5358
4117 5764
7882 5665
6313 6478
5929 5957
5462 4333
5952 4835
6620 4589
7886 5491
6704 6261
6767 4144
5559 7290
4170 7975
5904 5539
6497 7474
4894 5745
6019 4091
7860 4704
5159 5152
6747 7270
5958 4684
4256 5756
4588 4065
5110 6367
5891 5422
7280 4568
6443 5086
5320 4566
6451 7801
4791 7525
7389 7358
7779 7776
6732 6771
7693 7759
6390 7716
7515 6270
6675 5882
5296 7354
7290 4894
5711 4372
6373 7888
7402 4535
4689 5512
6455 6586
6665 7585
6340 7813
5891 7439
6260 5595
7648 7853
5381 4402
6402 6783
6717 6510
6627 4228
6794 6390
6884 6110
4635 5218
7701 7065
5204 6853
6866 5302
7308 5156
6187 6471
7575 7860
5075 6643
6327 5748
7572 4867
5140 5577
4778 7936
7869 5090
7755 5954
4162 4042
5599 5798
6435 4380
4835 4791
5051 7013
5211 5949
7997 4316
5460 6080
4440 7623
6416 4321
6419 5308
4623 5217
4883 7143
4350 4963
7714 6455
5661 5985
5179 7806
4921 4977
6889 7699
4681 5231
4115 7189
6867 6308
4800 6440
7827 7129
4083 4706
4865 7550
6196 6532
5469 4831
6621 7017
4677 4935
7497 6790
5069 4065
4696 7505
7276 7873
4154 6895
7987 4257
4330 5607
7821 5632
6697 6770
5375 6164
7686 6757
6724 7438
7225 6511
5812 5113
5387 6026
7228 4162
4809 6914
6555 5072
6457 5864
5006 7278
6562 5240
5057 7657
5607 4845
4850 6684
5659 7260
6320 5034
4692 7409
6746 4695
5760 7429
5184 6164
4241 7209
4414 5750
5459 4233
7236 7756
4437 7063
4187 5573
4583 4421
6508 6994
7730 6794
4882 7840
6671 6769
6191 6067
5735 5732
5413 6267
5744 7972
5670 5768
6572 6144
7589 7434
5477 5694
5607 6251
6556 5329
5415 7246
6108 5971
7710 5922
7348 7850
4041 4990
5654 7632
5179 6657
4671 7438
6415 7559
4626 7030
4353 5802
6259 5645
5206 5622
5212 7352
5994 7532
4505 5376
7322 5130
4053 5206
7541 4029
7914 6754
4538 7319
4963 6073
7752 5455
5816 5460
7116 5797
4127 7702
5002 5892
7827 7415
5853 6409
7612 6939
4570 5507
6818 4701
7406 7679
6784 7556
5363 7323
6466 7935
5008 4479
6111 4598
5343 5333
6080 7452
5617 4229
6956 6750
7571 6502
5536 6064
6627 7173
6574 5163
7650 5105
4822 5289
7694 7765
5436 5715
6102 7466
7712 7439
7219 7345
4311 5323
5978 4272
6663 5658
7144 4249
7645 7343
6222 7695
4061 6518
4211 7543
5389 4928
6627 5755
6442 6763
7949 5556
5254 7338
7812 4070
5631 7201
5074 4938
6398 7058
6309 4172
6364 6075
5427 7601
6221 6009
7094 4582
5434 4643
6827 5089
7040 6737
6002 7359
7105 7209
5978 5660
7047 4169
4785 5937
6086 7852
7965 4338
4177 4069
7983 6931
6206 4194
7985 5938
4033 4656
4897 5435
7122 4853
4255 7744
6365 7767
5065 5017
4922 5027
6924 4880
7047 7486
4659 4668
4820 7527
6865 7188
4406 5507
7618 7882
5384 7592
4045 5326
7493 5866
6769 6061
6310 6426
7499 5101
4798 7991
7018 7210
7188 5430
5623 6533
5357 6529
7670 5445
5741 6773
7364 4845
6188 7838
6557 5223
5895 7911
5176 4990
7092 5148
6826 7784
4253 6581
4829 7175
7348 4285
4235 7712
5927 6109
4516 4918
5905 5649
6218 5318
5518 4781
6633 4778
4685 5421
4939 4995
6391 4574
7235 6666
7765 7197
6194 4277
6046 5422
6763 4072
6593 6545
5304 7388
5828 6964
4933 7455
6112 5125
4480 6700
5300 4265
4098 5332
6277 4694
4223 5334
7181 5259
6386 5688
4560 6609
6418 7782
4514 6559
7283 7253
5978 4392
6455 6534
5645 5555
5754 7434
4080 5930
6035 4638
5691 7363
4311 5612
5649 5505
4845 6708
4865 4388
7364 7653
7492 5071
7539 6298
5425 5653
7007 4267
4682 6885
6636 5014
6208 7266
4538 5580
7129 5693
5037 6338
4359 4854
4342 5368
4623 7630
7649 6599
5059 7843
5127 4291
7111 7489
6427 5588
6879 7114
7216 6337
7904 5667
7666 4601
5312 4158
4509 6260
6024 6398
4223 5202
4956 5496
6256 7032
4092 4350
5933 5647
4625 6248
6535 4904
7465 7850
4424 7255
4672 4690
7628 5598
4036 5525
5043 5825
5964 7621
7655 4758
4301 6187
5336 5152
4156 5744
4245 7827
5621 7811
5577 7980
6577 5075
4862 6014
7206 6867
5486 6328
5408 4880
6352 7818
4703 7213
5497 7608
4805 5801
4896 5765
5356 7571
4340 6860
4326 5764
4133 5111
6386 5398
5464 5088
5326 4128
7639 6860
4858 7593
5330 7768
5736 5843
5533 6957
4560 7457
5486 4445
4934 4539
7940 7225
7408 7070
7903 4766
7350 7701
7851 5686
4080 5201
5762 4241
6258 8008
7900 7728
5717 7923
4354 5018
4248 5839
7406 5967
5151 5705
4883 4837
7216 7010
5992 6677
4300 4370
6023 6663
6498 5635
4154 5512
6692 7697
4468 5281
5736 4873
6792 7802
7757 5145
4675 4232
4121 4496
4278 4797
5739 7013
6372 5946
7063 5492
5899 4510
6838 4023
7938 4011
6310 6315
6103 5228
7513 4069
5137 7226
6108 5410
5585 5096
5806 6870
5973 7349
5962 7200
6788 5545
5058 6031
5826 4436
4008 6527
7941 7134
5182 7907
5226 6175
7199 4199
7826 7350
7790 4437
5124 4433
7315 7136
5966 5999
6681 6354
4333 5210
5931 7995
7640 5204
5563 5202
7532 6452
6656 4745
4336 7022
4443 6232
5516 6853
6307 7429
6510 4215
7139 4478
4102 7935
4100 4508
5555 4307
5707 7334
5566 5826
7180 6909
6642 5122
5963 5287
6964 7652
7870 7972
4354 6509
6209 4639
5458 4452
6881 7500
7461 5627
4728 6248
6929 4490
4862 6406
5418 6733
4584 6841
5779 7188
4127 6194
7092 4560
4648 5596
4872 6836
7056 7378
5142 7724
4361 6557
7177 6331
4973 5672
7241 7321
6088 6755
4887 6934
4868 4247
4579 6179
4552 7014
6155 6835
4451 4382
7159 7417
7524 5524
5972 5396
5191 4400
4879 5057
7815 4149
7215 5687
4502 4116
6822 7609
6878 7184
5808 6211
4755 6635
4205 4627
5444 7472
5192 7159
7261 7641
6245 7341
5862 7120
7528 5616
5797 4558
7208 7627
5996 7915
5748 5022
7786 4122
6184 6195
7253 7830
4552 7786
5606 6264
7417 7354
5967 4586
4568 4630
4924 6292
4444 8006
5156 7724
7345 5755
5388 7169
7321 6411
4121 7966
6232 6632
4326 7140
4206 4300
6825 7706
4120 4341
7838 7916
4604 5620
5334 4240
4008 5489
4522 6421
5780 7209
5129 5077
6929 6478
7792 4880
5104 7720
7846 7994
7819 7545
5850 5424
4969 6744
5837 7671
6490 7218
5418 4153
4124 5945
7226 7461
5007 6363
5540 6197
6202 7388
7262 7775
5071 4104
5000 4072
6739 5091
7439 7233
6198 4891
5739 4811
5196 4284
7250 7224
7093 6134
6533 6385
7718 6101
5710 5857
7857 7890
4791 7406
6247 4873
4074 7233
4214 7764
6983 7712
5867 7715
6104 7077
4575 5821
7069 7363
6068 4738
4127 6867
6586 5294
7629 7152
5049 5153
6367 6653
7041 5712
7146 6797
7776 5351
5026 6865
5908 6310
7495 4254
4906 6602
5062 4199
5659 5825
7155 4311
4857 4356
4319 6956
6692 5417
6239 6033
6490 4279
4122 4174
6593 4114
5237 5769
6807 6405
4676 4172
5050 4287
5144 5567
6035 7684
4993 4693
7863 7214
6941 7252
5094 4758
6488 4036
5679 4369
4492 7337
5270 6935
5550 6052
6698 4219
6688 4480
6473 7191
5951 5225
6262 5688
4203 5478
5285 7982
4803 7010
7979 6040
6538 7970
5306 4654
5382 6749
7635 6678
6035 5339
5110 6984
5787 6051
4311 7973
5679 7513
5624 7376
4714 7882
5638 5566
7663 7891
5866 5632
6074 5715
4504 7203
6006 4826
5452 6617
6109 7175
5548 6935
5877 6959
4945 7987
6100 5839
5885 7190
7793 5730
6541 6623
6505 7704
6111 6972
4244 4373
5225 4416
4226 4399
7851 4008
5595 7237
5990 5827
4925 4270
5237 5204
7508 6146
6123 5274
6956 5120
4867 4626
7413 5014
7143 5616
7959 6378
4999 4271
6491 7797
6417 6861
7873 7167
7422 7027
7167 5308
6997 6592
6061 6581
7539 6379
7754 6008
7572 7901
6389 5945
7191 5032
5176 5600
7329 5112
7917 6241
5274 6882
5119 6060
6419 5237
7664 7510
7322 4710
4939 5270
6062 7356
4122 6343
7673 6455
4637 4449
4488 6851
7451 5388
6310 7437
6426 7134
6999 7462
6940 6613
6285 4790
4280 5906
4302 6070
4463 7320
5618 4517
5382 5693
7807 4281
4267 7336
6074 7179
7119 5561
4637 4276
7613 5954
4836 7328
5199 5977
5909 6668
7818 5264
7472 6382
5768 7984
6353 6293
5834 5492
5996 4722
5897 6879
7271 6340
5180 5691
5419 5485
7564 7438
5970 5287
4377 6763
7285 7048
7844 4751
7080 5635
5275 5619
4364 5931
5652 5291
5363 5938
7944 6183
4247 5925
7601 5999
5014 4331
5788 4013
5880 7151
4058 7470
4719 6476
4836 4007
7728 7996
7342 6494
5203 7760
6283 6382
7113 5471
4445 7413
4584 4907
7156 5683
6248 5044
6712 4327
5467 7512
5191 4894
6955 5876
4693 6318
6140 7933
5081 7907
7910 7614
7462 7005
4016 5449
4762 5971
4128 4177
4401 5837
6034 7487
7516 4213
5195 6841
4772 7580
5994 6684
5278 5115
5669 5246
7534 7598
7843 7967
6727 7231
6119 6438
5471 5644
4038 4054
5734 5698
4967 6121
4285 4874
4500 7158
7817 6393
7143 7008
4872 5126
5869 5038
4241 4325
4932 7305
7721 4607
4507 7567
4670 5165
7438 7880
6028 7451
7657 7232
4071 6440
4956 6823
4165 6073
4886 7861
7795 7842
6772 4229
6763 6390
5111 5872
4199 5370
6383 4231
4837 5345
7895 7755
7633 5961
7008 7576
4255 6853
6324 7032
4832 6738
6504 6245
6801 5918
4263 5528
6352 7401
5188 6042
6079 5603
5535 4757
7507 6886
5482 7967
6146 4899
6068 6169
6968 5694
6250 6195
5004 4520
7215 5872
5738 6843
6107 4736
6017 7631
6972 6929
6584 4017
4613 7714
7766 7008
7731 4672
4581 6296
7681 5990
7261 4526
7117 6915
7207 6431
5109 6010
7742 5283
6354 6760
5999 6206
7657 4306
6101 6033
4695 4840
6368 6769
6401 7971
7588 4904
4699 7351
7986 4452
5998 7524
5884 6400
7823 5304
5586 5172
7584 6207
6668 4483
5021 6761
4443 6899
6857 5112
6035 5688
7775 7455
5872 6926
6464 7352
5394 4879
5385 7397
6597 7315
5670 5835
6361 6830
5992 5361
6268 7376
6766 4731
6828 6164
6045 4943
7391 4358
4653 5731
6028 4633
7599 6841
5305 6553
5433 6988
6148 5398
6623 6660
5675 6011
4378 5016
5645 4473
4945 5390
6032 5402
4604 6325
5824 5780
5053 7261
7929 5679
4432 5328
7056 5981
6693 7144
5427 4784
7644 5269
5094 6464
7894 4980
5456 4217
7809 7990
4372 7021
4469 4407
5825 7291
4982 5423
4980 4741
7444 4314
7293 4404
7381 4789
7650 5004
4518 4839
7328 7418
5665 4470
7269 5315
5192 7049
7329 6230
4701 5177
7981 5401
4086 5439
6479 6437
5211 7230
6741 5543
6711 4412
5709 5379
6939 6216
7211 7688
4925 5815
5264 5077
4677 6643
4049 5019
7936 4985
4362 5991
4194 7152
5957 5183
6093 5309
4354 7601
6096 7801
7137 4563
7206 7983
6335 4119
5548 5501
6394 7479
6272 5642
7793 6185
7058 6300
4514 6546
4528 5464
4387 7656
7902 4692
7312 4996
7662 6296
4985 5413
5565 6337
5706 5247
7589 7192
4439 4868
4492 7833
7464 4610
5370 6700
5037 6575
7627 6712
5640 6054
7905 5258
5266 7112
7112 4058
4207 6586
6225 5664
4681 7150
5142 7064
6086 5991
6000 6680
6238 5940
6898 4958
4822 6434
5636 4432
7196 4028
5290 7927
4117 7982
6482 7284
6010 6534
5490 7361
7452 7411
7448 7952
5361 5932
5126 7770
6352 4142
5967 7172
4542 6985
7857 7812
4403 5951
7238 6652
5233 6323
6592 5209
4984 4198
6046 5408
6365 7345
7498 4031
4410 6336
5075 4904
4010 6657
5672 6932
5097 4237
5888 5420
7336 7919
7932 5146
4720 7267
6927 7535
4445 6999
5318 7582
4458 4395
4518 4639
5181 4903
5529 5625
4886 6574
6577 7081
4729 6671
5488 4969
6633 5796
5903 6895
5656 6381
4319 4103
7205 4495
7849 5446
7034 7986
7036 7496
7321 5240
7001 6862
6530 7191
7025 6509
6468 4450
5418 6543
5100 4221
4146 5717
5038 6881
5784 7578
6568 6357
4761 5388
5893 6665
4713 7925
7039 6642
6193 6052
6765 7240
7433 4004
7963 6777
4692 7518
4475 6247
5787 6504
5308 6563
6923 7706
5023 4026
7258 4041
6538 4432
5069 7646
7153 5537
5295 6735
6389 5073
6658 6044
7589 7119
4564 4448
6845 6898
6097 5913
4092 4768
7195 4588
7964 6761
4100 7316
7854 7418
7413 5620
4309 6370
5683 4761
4607 5864
5554 4137
4510 4074
6505 4716
5536 6862
6505 6333
5758 4009
5270 6750
6382 5586
4780 4024
5000 6677
5051 5299
4523 4180
6657 4695
4959 7087
6588 5122
6109 4640
7056 4073
7474 5484
4663 6599
4993 7529
6433 4323
7939 4986
4038 7732
7565 4745
4738 6882
7034 4332
5017 5056
6374 5948
4293 5905
4056 5869
6351 4305
7593 6190
6339 5225
4339 7057
7112 7708
7725 7688
7347 4396
7209 6693
5216 5647
5029 5128
6281 7541
6711 4953
4176 4307
6311 6370
4179 4630
5475 5975
4007 6940
4834 6332
6774 7092
6251 7679
6627 4103
5927 6090
4612 5859
4409 7347
7616 6378
5902 6652
5420 4627
6411 6778
6859 5269
7264 5194
5173 7395
5610 5964
7493 4570
4601 4902
5401 6465
4870 6738
7925 7400
5715 5148
6214 4486
7666 5043
7075 5678
5816 4262
4800 7237
5936 5576
5120 7580
5825 5243
6474 5829
5886 4528
6899 4586
7885 4973
7884 5716
6751 7274
6089 4337
6747 5676
6494 5585
7992 6529
6528 7304
6821 5442
6508 7581
7420 7307
7494 4154
4778 6966
6134 7095
5824 6816
4705 7049
7997 7030
4565 7318
6399 6540
5777 6949
6272 4531
4942 7924
5710 4065
5832 4567
5957 5965
4870 5639
5370 6851
5870 7473
4273 6673
4536 7130
6247 6881
5194 6379
6680 4228
5951 6796
5097 4806
5259 7845
7605 7821
6813 6876
4661 7724
4164 7366
6754 4809
5401 6130
4357 4726
4895 5650
5846 7509
7756 4445
6542 4810
6692 7282
6756 4428
5014 4183
4368 5485
5046 4202
5971 7354
5058 7455
4691 5470
6133 6918
6723 5787
6850 5152
5676 4085
5416 6647
7824 4374
6355 6701
6284 5157
7360 4051
6939 5143
5999 7010
4006 5211
7228 5684
7969 4088
7688 6974
5837 6369
5113 4784
6769 5009
5385 7587
7815 5656
5882 7636
7191 5874
7403 4977
5490 5745
5053 4399
4537 7042
7527 4781
4942 7536
4400 6917
6508 6650
4128 6913
5113 5402
4397 5915
4429 5467
7984 4625
6406 7273
4631 6961
6773 5891
7604 5314
5889 6787
4210 5625
6153 5054
5940 7192
4432 5640
5572 4888
7905 4139
4100 5568
5280 6679
6960 5122
5898 5100
5193 6887
4615 7105
7328 5669
6342 4459
7802 7146
7657 5071
5777 6473
4436 6507
4995 7380
6157 7356
4836 6987
5187 5511
4391 6906
7415 4633
6706 7580
7195 6174
4121 6494
4565 7150
4216 4201
7805 7188
7859 7897
4597 5147
5120 6780
6925 5648
5333 4789
6550 7401
5318 6638
4564 7531
5181 5936
5681 7722
5225 4675
6930 4937
4042 7718
7700 7873
4292 4446
6571 6066
7056 7731
6645 5400
5968 5014
7179 5021
7678 4085
5853 4901
6229 6928
4274 7663
7116 4901
7008 7074
5861 7728
7646 4348
7443 7127
5306 6178
5652 6589
4455 4575
4031 6201
6031 5398
4932 6409
7078 5780
4424 7905
7716 4230
6098 6905
5430 6268
4272 6430
4582 6075
4638 7194
5263 6489
6492 5748
6072 6344
5073 4030
5652 5738
7312 4918
4702 5168
4494 7984
5538 6069
7668 4416
7805 7539
5607 6676
5128 4545
5558 5461
6785 7490
6490 6887
7410 4939
6528 7991
4173 4941
5899 6139
5497 4299
6415 7636
7484 4698
6810 4459
7511 4122
6979 5470
4011 5624
7800 5838
5157 7067
4528 6836
6633 7927
4670 5281
5228 5193
7448 6551
4583 4484
6716 6842
5504 7864
4077 5359
4261 4433
7331 5492
4424 5445
4346 6029
7611 7476
5813 4506
7473 5330
4647 4271
5579 7172
7235 4097
4885 6202
4997 5146
5540 5516
7205 4825
7828 4697
7888 5559
5884 7273
7605 7840
7602 7555
7218 4732
4085 4578
5048 6388
5220 6571
4957 7746
4216 7963
5333 6658
5230 5842
7355 7922
7554 5711
7164 4402
5355 6277
7837 6808
6613 7013
4219 7230
6820 4240
7937 7521
4337 7150
7038 6182
6156 4777
5137 4469
6288 6041
4082 5291
5922 7790
7659 5848
5683 6062
4631 5095
7276 6511
5353 4121
4982 7761
7851 7137
4971 5442
5632 5633
4472 7118
4368 5051
6996 4427
4845 5417
5717 7187
5619 5949
6869 6845
5886 5784
7191 4832
4011 7056
6036 4063
4540 6342
5333 4099
6263 5173
4389 7309
6147 6516
7585 4967
4119 5401
6518 6762
6012 5152
6330 4010
5527 5423
6289 6887
6889 5299
5772 4901
7421 5649
5513 6862
5242 6119
6757 5015
7675 7157
5425 6253
6118 4273
7442 7059
4229 5858
7257 7796
8007 4071
5442 7652
6713 7904
6981 7370
7152 7055
6707 6912
6166 7873
4542 4635
5615 4626
4694 6385
4108 6147
4627 5888
6821 5074
7670 4760
5878 7729
6757 6733
6065 5488
4963 7194
4327 7910
6233 5283
7710 6839
4189 7137
6401 5574
4489 4636
7068 5928
4099 6021
5336 4546
6396 5158
6259 7331
4261 7160
5803 6019
5412 6055
4357 7971
5569 6784
5430 7672
4209 4441
4415 5535
5717 7950
5121 4141
5954 4280
5658 6185
5395 6229
7479 4185
4504 6668
7431 6333
5518 5456
5282 4083
6008 7437
6589 4769
4170 7107
6320 5043
5281 5807
7043 6370
7847 6341
6932 6781
5809 5901
7711 7467
7068 5465
5956 6650
7987 4969
7006 4167
6859 5836
6568 6822
6704 7314
5250 7744
6432 4394
4055 7917
5950 5468
4214 7899
7440 7829
5372 5394
5019 6805
6119 7171
5947 5137
5581 4105
4379 4127
4060 5915
4446 4833
7855 5179
6138 4451
5838 6212
7232 5791
5437 7757
5273 6617
7170 4939
6739 6260
4792 7073
7219 4410
6849 6753
7556 7041
6078 7438
7537 6729
6773 7647
4562 7280
4854 5451
4224 4539
6367 4986
4530 6211
5688 4102
4645 4281
4223 7095
5925 7954
7465 5180
7688 5116
4508 4589
7098 4401
6226 6429
5527 6766
6607 6068
4654 6734
5495 4385
5240 5328
5161 4010
7637 7326
7680 7888
4897 6846
7548 5435
7149 7604
4462 4038
6105 7907
4488 7661
6136 7395
7182 6960
4083 5722
6162 4965
5255 4275
5577 5288
6185 4729
7391 5081
5359 7660
6035 5823
6517 6328
5230 7207
5620 6340
7150 6366
5054 6166
4427 4041
5204 5613
6377 4381
4411 4700
4671 4778
5810 6264
7825 5211
4916 5926
6154 7260
7577 4858
6688 4198
6724 7907
5092 6269
7197 7039
4331 7606
6246 6870
6706 5236
7058 5100
6847 4648
4039 4856
6722 5155
6918 4287
4114 7285
4347 6906
4559 6052
7699 4697
6472 6189
5574 5741
4250 5009
5461 5597
6796 4674
6712 6600
7344 4545
4734 5738
5023 4565
4510 7408
7618 5679
4340 6451
4864 5413
6201 5504
7727 6839
7814 4052
5037 5356
5684 6532
4027 4395
7723 5087
7112 5117
4075 7080
4943 4942
5292 7092
5836 4036
4360 4486
6609 4138
7999 5416
6866 7629
4807 5884
6136 6413
5355 7085
7677 6675
4114 7946
6588 4278
5163 4836
7862 7543
4339 7044
5068 4634
4362 7618
7619 6999
5051 5199
5780 7649
5090 5848
4478 7451
6872 7377
7260 4899
5250 5629
6745 4482
6800 5773
7289 5142
5053 4451
5984 7035
6849 7836
7030 4856
5212 5234
7385 4472
4378 7496
6739 5606
7636 7899
5478 6411
6404 4826
5942 7913
5889 6744
4309 5487
4676 7565
4917 4703
7627 7096
7749 6210
4383 6405
6125 7227
7011 5180
5737 5795
5137 4436
5732 5374
7751 6148
4243 6994
4566 7583
6378 4186
5765 6112
7306 5976
4663 5451
6674 7517
6391 7986
4066 4481
4935 7541
4083 7692
4153 5905
4727 6976
7524 4936
4729 6643
7753 5524
4342 6434
4265 6919
4850 4502
4480 4688
5507 6421
7418 6120
7837 6556
7018 6131
7877 4579
5388 7354
4772 4354
7639 6896
5843 4981
6227 6207
5975 4546
7282 5965
4974 4686
7386 5588
7172 6710
6251 5769
4283 5192
4183 5452
7382 6839
5141 5134
7727 6653
4285 6032
5918 5444
7706 6079
6925 6437
6261 4625
5372 7156
5953 7225
4390 4297
4948 4683
7295 7475
7401 5131
7620 5641
4801 4531
6541 4996
7090 6822
5440 5090
7047 7319
6619 6998
6435 5346
6993 7814
6939 7432
4585 4945
7115 6436
4485 7050
7592 5239
7982 5121
6862 4858
7778 4059
7458 7081
4722 4725
7594 6515
7553 4226
7360 7887
7539 4235
5493 5696
7995 7596
4693 7776
5401 4472
6103 4659
7467 5117
4774 7274
4579 7785
7984 4417
7632 5618
7740 5640
6994 6626
6818 4073
7124 6420
5774 4095
6721 4133
7030 4932
7872 6811
4942 7889
7565 5662
6123 7855
6434 7388
7344 6989
7569 7550
6607 7450
5861 5149
5025 7316
5459 7220
5434 7378
6130 7158
5879 6528
7403 6930
5065 4578
5518 7373
4946 7805
6989 6188
5510 4821
6402 4577
6094 5446
7072 6483
7650 7911
7091 4931
6466 6762
6972 5839
4054 6217
4338 5584
7962 7458
7323 5449
4263 6792
7316 5800
6618 6459
6083 5947
5251 5929
5409 6887
5826 7582
6784 6922
6906 6994
5805 6537
6637 5669
6802 5492
4742 5147
4736 6037
6910 5924
6094 4836
7624 7151
4996 7887
6566 6575
4658 7098
4011 5790
6442 6385
4014 6731
6821 6428
5353 7211
7949 5611
7590 7125
6929 7917
6888 6044
7568 5284
6724 5942
7409 4768
5757 5926
5178 6779
7276 4111
6609 4450
7366 5320
7111 4774
4153 7207
6724 6244
7426 5593
7029 5891
7937 7911
4110 5057
7449 5713
4603 5510
7191 5508
7993 5996
7534 5282
7458 4791
6395 6432
7038 7044
7299 7237
5280 5880
6268 5122
5363 7076
5239 5491
7003 5445
4042 5378
5598 5793
5867 5080
6159 7512
5809 4020
6648 7192
5013 6272
5246 4747
5018 7191
4478 7373
4247 5541
5354 7451
5564 5356
7650 4582
5237 7595
7349 4727
4781 6072
4735 4232
4375 6297
6439 4270
6754 5153
6072 4598
5405 4456
4144 4500
7090 5559
4486 5353
6267 4163
7740 6961
7408 7012
6003 6447
5425 5973
5620 5700
4561 5947
5104 5788
4204 6045
5249 6395
4013 7719
6799 6651
7381 4423
4200 5802
6791 4802
4024 6161
7715 5045
6569 5899
5476 5586
5499 7725
7640 7078
6183 6182
4191 4818
4760 7433
7401 7782
4855 4371
6810 6795
6639 5181
7106 5896
5510 7194
4515 4787
6840 6743
4156 7189
7884 7913
7772 7477
5583 4442
5303 7386
7174 4694
4500 6659
4693 6089
4373 7360
7926 6792
6361 5873
6726 6398
7529 6600
5700 6614
7740 6899
6717 7416
6408 7980
5754 5212
6118 4864
5952 7819
4940 7253
4359 7579
4761 7012
4411 5795
7059 4132
6607 7317
7100 4283
7370 7086
4185 6399
4629 5992
4905 5639
5533 4370
4641 6121
5377 6785
7933 5034
7877 4268
5947 5200
4250 5697
6153 6132
7810 4980
5294 6766
7239 4424
7942 7584
4742 6576
6982 7594
6710 4737
5883 5002
6276 7300
7472 4572
6091 7122
5728 4982
7812 4972
6380 6815
6727 6153
5770 6288
5106 5784
7500 6811
7471 6594
7457 7434
7312 7726
6163 6193
4755 5126
7000 4992
7125 5419
4245 7169
6290 7837
5067 5728
6213 5425
6978 5647
5700 7382
4563 6157
7765 4832
6023 6128
7798 6598
7706 4834
4191 4289
4473 4819
6786 7970
6104 7335
4994 4913
6604 4935
7822 5686
6874 7366
5003 4762
7279 7312
6082 6684
7738 4810
6049 4733
6368 4825
4054 4173
7633 4237
7716 6707
7251 5943
6534 4375
5567 6766
7563 6776
7850 5216
6995 6054
4738 5216
4620 4300
6803 5458
7850 5097
6011 7388
5930 4028
4942 4886
6453 5376
7122 5146
4637 6003
7291 6137
5310 4525
7806 4113
5855 5593
4159 6190
4445 7595
5926 6743
6320 5832
5517 4187
7339 4791
7069 5710
4731 5271
5279 7202
7721 7864
7994 4677
7952 4800
6170 4624
4167 5047
6782 7360
7125 6007
6805 7209
7282 7706
6733 6010
5225 7008
7683 6223
4769 6217
6471 7270
7811 6778
6449 7859
4397 6924
6010 4803
7344 7035
4666 6500
4886 5266
6462 6773
6454 6596
4336 7816
5281 6726
6896 6606
7482 7337
4390 6970
5342 6405
6460 5800
7046 5996
4108 7475
7619 6973
4095 6249
7236 7617
4772 6827
7251 6350
6181 7496
6790 6351
5684 4237
4207 5435
6554 6106
7541 7407
4156 4849
7732 7118
5169 5765
4539 7022
4596 5769
4439 7894
7797 7023
6077 4650
7580 7630
4846 4899
4156 5863
4536 4762
5286 5869
5381 7895
6990 5418
7533 6733
4511 4747
4858 5890
4255 7942
6944 5693
5524 7160
5421 6604
4365 4751
5777 7347
7190 5854
6294 7255
7289 6791
4761 5375
7020 7092
5978 6823
6561 4867
5545 4600
5281 6710
5016 5548
7764 4967
4757 6747
6860 7052
5239 6529
7003 6192
5694 5106
4692 4256
4308 6150
5916 4927
6183 4837
5304 4379
7830 5782
5463 5366
7513 4580
7909 5711
4746 4193
7817 4881
6924 5002
7778 4845
4512 6399
5472 4090
5232 6267
5070 7640
6851 4812
4113 6532
5455 7010
7115 5405
6920 5152
6542 4443
5938 6414
7559 7523
7796 4494
6195 4911
4482 5600
5868 5532
4024 4705
6457 6095
6174 5526
7646 5097
4842 7002
4535 7028
7011 4173
7603 7047
5511 6015
7360 7494
7666 5890
7930 7823
7470 4166
4514 6275
7438 7424
4970 6889
5300 5290
4240 4704
5612 5878
5435 4095
5215 4936
5153 4410
4724 5590
6652 4147
4855 7344
5228 4974
7028 7521
5916 7943
4633 6211
4675 7777
5570 4794
7527 7126
5628 7914
5423 6374
6456 7763
4536 5067
5034 6378
4977 7525
4476 5627
6897 7041
5152 7602
4876 6037
6663 4719
4355 7583
4688 4844
5163 4041
5459 7838
6860 7467
7653 5374
6154 6453
6606 7849
5165 7789
6330 4381
5555 6881
4197 5781
7050 7120
6424 6059
4430 4523
5380 5866
5229 5838
7412 7350
6929 6271
7839 4182
5022 6581
5286 5874
6470 4090
5854 7756
5854 4717
6651 4219
4014 4581
7600 6699
6834 4726
6102 5737
5820 5781
4525 5382
4033 7844
4079 6047
6740 4478
7458 5777
4450 4844
4805 4632
4410 7384
6990 6824
7704 5448
7775 7752
7194 6617
4843 5071
4088 5893
7139 4407
6062 7220
5365 7784
5399 7172
5286 6986
5388 4880
7574 4471
6974 5125
7692 6849
4827 6843
6693 4519
6957 6333
4169 5047
4646 5407
7172 7296
4187 6669
5831 6072
4624 6474
4437 7978
6764 5969
5806 4369
7856 7015
5955 7914
4815 5711
4134 6077
7173 6422
6849 6588
7491 6087
7235 6512
5014 6618
6886 4098
6061 6451
5392 5164
6778 6962
5123 7018
6242 6890
4224 4936
7019 5193
4523 4416
7774 4680
6276 7556
7267 5066
7186 4989
6479 7545
5208 6003
6509 7941
6386 6951
6548 6163
5426 4091
4091 6551
7414 7874
6111 5985
6409 4631
5013 5068
4848 5296
4089 7859
7791 6324
6268 4138
5974 4458
7860 7133
5736 5008
4443 7770
5893 5862
7388 6888
4963 4040
7888 7169
6107 6319
4729 4260
6960 5528
6071 5142
7377 4096
4997 4064
7675 5713
4170 6707
5144 6821
4345 4183
6517 5031
5406 4195
5241 6743
7773 4650
5025 5739
4511 5377
7692 5041
4475 6802
7540 6451
5276 6623
5478 4233
4485 4828
6184 5106
7476 6275
6868 6479
5157 6974
6218 5934
6330 6341
4209 5449
5630 5091
7424 4407
4572 5851
6079 6670
7467 5721
5915 7933
5305 4228
5234 5897
4770 4083
5286 6722
7596 6508
6682 5160
4983 6869
6726 5620
5867 5910
6977 7481
7489 4026
5346 4389
4708 7704
4179 5490
4238 5263
5839 4992
6688 6980
5020 6990
5464 6775
7763 7826
5361 7933
4207 5812
4572 6587
6859 4358
4426 5174
6610 7815
7653 5642
4506 7375
6100 5476
7912 7592
6323 5998
5004 6129
6466 6392
5246 5504
4486 7557
4940 6667
5277 6110
7285 4516
7794 6556
4159 7059
5881 5628
7349 5239
5411 5506
7468 5245
4153 8003
5276 7387
6837 6125
4161 5270
5587 6222
7768 6173
4605 6528
7985 4210
4049 6899
6543 5197
4901 5329
4451 7949
6291 5452
5357 4718
5394 5309
6377 7364
6508 4364
6743 5609
6152 5064
5746 7114
7883 6197
5069 4901
5773 6608
7184 4472
5432 5445
6738 4044
5749 7091
7161 5829
4420 6294
7370 4753
7140 5470
4452 7192
7190 7020
5743 7316
6760 7772
7395 7790
5752 7277
7689 5730
5713 7485
5229 4051
6860 4429
5045 6149
4809 4121
5199 4639
4594 7644
4607 6880
4763 5463
7181 4615
6929 4873
4230 6938
7816 7482
7951 6957
4712 7173
7857 4112
7615 7683
4750 4889
7344 8004
7739 7203
6254 7375
5818 6264
4453 7045
5963 5367
5717 4007
6489 7297
6757 4373
6982 6826
5695 7288
5287 4485
5918 6154
6806 6814
6531 4533
7567 7185
5848 7344
6071 6302
4377 6398
7084 4062
6130 6105
6217 5233
5795 5878
6901 5924
7049 7796
5915 5019
5743 7081
4915 4231
4482 6299
6453 4868
6974 4824
4328 7995
4079 4350
4919 4345
4431 6180
5448 7515
4933 6704
5759 4258
6591 7737
6260 7353
6516 7052
6454 4341
7403 5948
4926 6788
7386 7419
4404 4392
5081 5575
5180 6563
6297 5317
5316 5235
7364 4049
6715 4242
5108 4770
5127 7961
6815 7401
4378 7839
5887 5555
4517 6312
6788 4538
4781 4161
7463 5310
5061 5585
7410 7895
7056 5812
4224 6885
6753 6253
5008 7928
6760 7448
6059 4159
6529 7840
7926 5185
5549 4485
4094 7764
6859 5018
6706 4725
6714 5822
6317 4539
6374 5080
6440 7137
4676 5049
7486 7512
4535 7418
6926 7608
5961 7668
7419 5931
5905 5854
4605 5534
7909 7687
5388 4952
7536 4403
6295 4188
5057 5629
6081 6517
6498 6463
5169 4662
6977 6060
7979 4817
6034 4593
7939 7571
7425 4414
5748 4638
6896 4477
7536 7863
4809 4667
7157 7166
7760 7049
5739 4727
5368 6828
4710 4928
7239 4168
6667 7734
7179 6873
4835 4772
7575 5574
7365 7181
4632 6058
7351 5054
6339 7680
7398 5147
6187 5008
6634 4829
4563 5270
6032 7179
7438 4963
7074 4265
5661 4231
5970 7073
7691 4643
5006 4566
7678 4485
6122 7296
6696 6570
5658 7078
7900 4634
7990 5029
4469 6893
4433 7012
7614 7306
4643 6309
6889 6033
4385 5667
6710 4259
6285 7065
5857 7583
4532 6955
4146 6946
7686 4972
7056 4625
6002 4108
6446 4901
5131 7028
5205 5871
5048 7527
5375 6533
4271 5404
7516 5373
7186 4028
4906 4144
4470 7840
4468 5960
5734 5136
7639 6842
4113 4017
5658 6712
7571 6178
6460 7357
6920 5012
7675 4123
4473 4642
4862 7734
4535 5087
7527 7854
7985 7483
5874 6267
4316 4575
7200 6966
7983 4484
4206 5436
6918 4265
6745 5240
5622 5442
7794 6043
7961 5680
6399 6478
6848 6729
7020 6612
6971 6866
7393 5709
6809 5370
5649 6928
4641 4354
5358 5081
7682 7141
6540 7925
4557 5550
7990 4804
7510 7707
4471 4031
5806 7323
5677 4129
7231 4124
5231 6788
4961 5614
7649 5176
5605 7905
6368 6178
4747 7765
6905 4610
7827 4318
7611 6339
5330 5129
6392 6092
4107 5398
6138 4119
4549 7462
6092 6811
4339 4858
5521 6449
6686 5152
4425 5187
7266 4490
4142 5459
7337 7270
6819 7777
6871 4924
4154 7866
6415 7656
4983 7688
6223 5680
5699 7708
7188 6123
5687 7759
7904 7971
7600 7582
6043 4763
4168 4137
4859 4959
7351 6336
7959 7104
4645 6919
5062 4500
4522 6758
6255 5139
7747 5372
4709 6521
4872 6966
6269 6458
6138 5053
7522 6757
7008 5808
6533 5165
7414 5110
6231 6449
5084 6018
5836 6163
6817 7709
6254 5241
5992 4866
6806 5326
5497 6488
6198 4304
4926 7395
7717 4397
4114 5490
4852 6521
4643 5617
5052 5734
6415 7018
7914 5231
4466 7322
5023 6822
7883 7417
7927 7311
5411 5950
6902 6609
7819 4719
4291 7455
7986 6014
5780 5540
4136 4783
5105 7426
5269 7143
6307 4456
6806 7916
5018 5896
4586 5424
4110 4198
7850 6621
6350 5168
4938 5261
7109 7934
6149 6972
4817 4660
7703 5477
6504 6409
4082 6452
5559 6483
7721 4828
7066 4560
4092 5453
4163 7439
4844 6968
5235 6898
4087 6899
5395 7838
7891 7135
6960 5886
6621 4198
4654 4108
7326 4811
6932 5420
4767 5115
4293 7486
7106 6454
5672 5133
4630 7675
4713 4939
7730 7800
6648 7934
6172 5961
7731 5625
6254 4380
7995 6852
5417 7822
6630 4846
4335 5375
5224 4138
4200 4101
7553 5640
7363 6762
7384 4206
4819 7881
6882 6270
6693 4470
6865 6004
4972 5732
6073 4728
6255 6585
6443 5171
7766 6619
5856 5985
5094 4870
6661 5885
7433 6703
4980 6391
7930 7743
7571 6590
5186 4030
5198 7296
6464 5831
4571 5236
5218 6852
6743 4961
6113 6995
4267 6553
6578 6496
5725 4912
5454 7275
6754 7607
7589 7779
5766 6577
6193 4919
7857 4474
4777 7542
6708 4364
5755 6111
5854 6029
5307 4885
4069 5450
7753 5418
7331 7296
5993 6049
6261 4780
6748 5515
6785 4413
4520 4656
6473 4326
7471 4386
5401 7718
4078 4247
6583 5491
6631 7216
6630 4329
4954 6670
4762 6331
5354 4706
5467 4148
5673 6122
5600 7265
6491 7110
7015 5228
6194 4614
6434 7537
6005 4756
7679 4675
6766 4430
4783 6259
6340 4657
7427 7663
4493 6083
4320 4188
7617 7453
6223 7112
7913 5918
6899 5352
4266 6076
4178 6812
7415 4492
4931 6870
5903 7310
5409 7842
4005 7290
7766 5331
5523 4471
7009 5991
5317 7824
4258 7811
4788 5883
5991 7115
4749 7167
4111 4915
4512 6131
7449 6730
5436 7653
7891 7898
7265 4645
5653 7201
7010 7697
7157 5144
7640 7531
4218 7743
4915 7099
5101 7691
4506 4919
5028 5202
4022 7783
4428 5032
4103 5760
6662 6717
5363 6908
4625 4220
5565 6974
5826 4839
7651 6542
6272 7999
5711 7773
5123 4700
7202 4730
5898 6591
7481 4489
5382 4043
5179 4201
5910 6116
7737 6087
4178 4397
4425 7193
6419 5712
6446 5629
4965 7883
5185 4409
4603 5479
7532 7189
4402 4623
5040 6757
5413 5360
4707 4972
5073 5344
6405 5293
5833 6901
5989 5889
6586 5426
5122 6251
6781 4880
5907 6233
4115 6239
4009 7132
4406 5844
6615 6900
4090 5720
4358 6282
4260 5757
7991 4151
7681 4769
6372 4077
7130 5327
7428 4758
6416 5118
5250 6225
4321 6986
4532 5918
6623 7731
4303 6367
4657 5698
5575 6321
7671 6810
7254 5109
4241 4640
6070 4837
4775 7136
6837 7586
4216 4726
6244 7635
4312 6358
4184 6669
7279 5549
5279 5064
6045 4070
5320 4214
6323 6019
4905 6183
7183 4333
4880 4097
7202 7462
6513 6018
5451 6194
7354 6469
5563 4643
6370 6889
5203 5996
5970 7407
6042 5319
4389 5347
7033 5623
4903 5422
5827 4938
4568 7468
4686 7965
6867 7069
7250 5948
5703 6823
4400 7466
5523 6771
5139 4804
7938 4218
6174 6508
7023 5690
5271 6013
6021 4773
4130 6373
6698 5695
8001 7917
5555 5488
6151 4422
7567 7781
4483 6325
5415 5889
6657 5222
6121 6913
6954 7271
7148 4249
5811 4624
5513 5498
5345 6957
4865 7815
7306 4790
5926 7669
4331 6632
6078 7809
4840 5036
7674 5307
4296 4445
5868 4083
4218 5822
7191 4478
5349 4097
7088 6321
4234 7553
4731 4644
6540 4503
7687 4715
4869 4569
5616 4213
6327 6499
7109 6141
5086 6218
4217 5645
7915 5529
6574 6367
5154 4024
4553 6646
7098 7006
6946 4033
4863 6618
7156 7510
5456 6314
6380 7190
7990 4159
7007 6544
4362 5856
4507 4780
4648 6492
6041 7690
5257 7804
5941 7907
4581 6427
4682 6744
6349 6290
5888 5628
4561 5615
4768 5858
5159 7583
6340 5595
6927 6031
4631 5559
4115 4251
6198 4649
4889 7102
4054 7019
7857 4954
7294 5642
4458 5698
7416 5324
4556 7721
4105 4501
6757 4579
7240 7475
5613 5761
7651 6964
5835 5746
7605 5301
7461 6170
4979 6463
6372 5274
4288 5705
5858 5256
4454 7709
5281 7062
5846 7151
6615 7269
6848 5983
7277 4330
6487 5195
7040 4120
5565 6358
6972 6699
7488 5265
6226 4714
5191 5120
4080 6266
4579 6877
5595 7020
4964 4333
5835 6365
4587 7434
4585 6780
7228 4313
4235 7960
4151 4894
7999 6629
7637 4875
4790 5579
7210 4329
4323 6921
7134 7701
7312 7892
6581 6862
6323 6934
4682 7622
6807 6311
4414 4530
6792 5814
5575 5551
6687 7299
7381 4039
8008 4794
4803 4552
4322 7086
6504 5101
7208 5212
7431 7869
7564 7354
7755 4188
6703 5321
7847 5508
5548 6697
4530 5891
6932 4112
5472 7027
5723 4975
6668 7211
4657 5642
6427 7213
5394 5414
7313 4763
5146 7761
5887 6344
4101 4603
4383 4046
7936 4525
6181 7171
4162 5697
6169 5591
7454 4146
5425 7330
4519 7902
5513 5198
5601 7273
7014 4926
4897 4811
5117 4779
5927 6234
4264 7285
7846 6691
6684 5650
7797 7906
4600 6421
4729 7415
4548 6493
7426 6422
4448 7928
7597 7325
5108 7559
4483 5352
5859 7093
7932 6699
4898 7810
6992 6066
5511 7298
4621 4417
5751 4210
7342 7548
7696 5150
5425 7303
6227 6164
4453 7280
5153 7811
5918 8002
6986 6385
4386 7364
7421 4741
5222 7775
5915 5877
5266 4140
6414 5700
5214 4939
6368 6505
4660 6470
6585 7444
5987 5711
4906 5268
6836 7501
6345 5519
4102 5440
4834 6183
4848 6540
4801 4400
5489 7313
4646 6049
6159 4266
6560 4833
7805 5293
7459 5300
8002 5124
4972 6732
4393 5757
6661 4855
4970 5334
5998 6742
6517 6461
6152 6761
5050 6740
5105 7251
7882 7528
7139 4285
5402 6059
6684 6252
8004 4285
7889 7034
5510 4715
7848 7221
5623 6937
5265 5139
5440 7226
6383 5253
5645 5723
5501 4604
6922 5636
7378 4830
7925 4328
5711 4219
7842 6023
7270 7782
5757 6529
5957 5056
5631 7535
7014 4253
4432 4094
7093 7218
7950 6930
6550 7273
5051 4728
6750 6302
4855 6917
5184 7552
4646 4020
5143 4312
5286 5458
6620 7724
6049 6658
5438 7498
6931 5251
6642 6685
6392 6591
4581 4113
5563 6590
5136 4923
6003 5696
4617 7404
7131 5405
7853 5679
7085 6516
4955 4278
6509 4178
7704 4747
5520 7617
6191 7114
7660 4254
6812 5016
7393 4904
5426 5631
6244 4938
6915 4822
5870 7411
7109 4956
4708 7272
7389 4417
7873 5661
5164 7937
5160 4931
4727 4187
7807 5724
4083 6051
6252 4113
7770 7575
6776 6726
5558 4848
6573 4288
5546 7538
7415 4818
5063 6329
4500 4382
4667 5509
5756 4347
4828 6701
7861 4009
7663 5825
5811 6140
4515 4985
5652 7681
4417 5354
7939 4270
6606 7877
6824 4096
6670 6013
4282 6516
5939 5657
7156 6779
4294 5900
4496 4928
7889 7333
5604 5820
5825 6316
5685 6220
5284 7837
4458 6015
4751 7029
4330 7804
5462 6929
6393 7168
5085 5291
7813 4702
7531 7748
4443 7844
6750 7175
4526 4181
5946 7357
6332 7895
5001 6647
6602 4548
6764 6568
6904 6436
4752 5943
7638 5686
5272 6375
7803 7936
4779 7194
6048 4746
5039 6642
6499 7531
5926 5991
4080 7301
6091 7176
5998 7923
6157 5829
7299 5876
7142 5871
6589 5846
7675 7706
4977 4590
4774 4595
4722 7209
4953 7185
5132 4166
5503 5663
5869 5290
5143 5532
4690 4789
6305 7201
7293 6874
5740 4733
5024 5478
7162 7582
7709 6112
5085 7967
6110 4223
7465 7205
7090 4480
4277 5555
6922 7219
7446 6375
5024 5885
7129 5597
4340 8007
6697 6822
7753 5608
5016 5762
7933 7275
7116 6072
7557 5287
7385 5699
7391 6129
7923 4134
4578 7685
7864 5786
4827 5752
6421 7163
5691 5425
4275 6151
5803 4161
7767 5223
5123 4178
4381 7743
6423 5032
6223 5951
7900 5315
6725 7159
6795 6808
7516 4792
5384 6931
7368 5411
4371 7300
4627 5121
7871 7950
6924 6794
6363 7638
4744 5518
4923 6631
4854 6593
4681 6960
7784 4889
7913 4880
5766 5422
4933 5175
4358 5646
7459 7384
7174 4516
6475 5250
6048 5292
5605 4253
6613 4900
4986 4941
7648 7348
7242 6744
7928 5040
6874 6845
6759 7827
4145 6850
4917 4270
5336 4708
5741 4164
5914 6687
5643 7986
4402 4380
7877 4242
7181 5605
5374 5160
7401 5245
5297 7049
5204 4098
6915 7262
5573 4057
7037 5623
5027 6937
4753 5198
7192 7055
5051 5361
7504 5090
5571 6427
4016 4528
5031 5089
7218 6918
4234 4726
5193 6937
5340 4584
6102 4729
6117 7074
6066 4422
6812 7187
5001 7295
4240 4865
4015 7800
5287 4114
7633 4747
5750 6002
5571 7223
4597 6440
7967 4845
5779 7862
7999 4994
4127 6382
6975 4021
5489 4780
6460 7604
7458 7144
4887 6135
4249 6946
6235 4169
5378 5772
4310 4142
7070 6517
6468 5523
4957 6193
7727 6236
7474 4432
7881 5808
5077 5232
4790 5131
4274 7539
5935 4939
6470 6713
4929 7294
6591 4237
5868 6889
5325 5937
4014 6341
7818 5355
7982 7645
6019 4877
4834 4379
4715 7302
7891 5031
4423 4600
5401 5680
6727 4986
6168 7445
7104 6671
7251 7314
6304 7437
6168 7111
4238 7865
5271 7182
4094 4303
4287 5538
5439 5068
7700 6412
6664 7186
6579 4226
7702 6187
5576 7214
4060 5437
7078 7045
6258 5946
4421 4814
7549 5219
7960 4088
4106 4524
6267 4862
6528 4746
7668 5490
6908 6249
6085 7063
6610 4674
4879 5748
4906 5001
7714 7320
7219 7843
6929 5144
6229 6645
5073 4238
7267 4599
7370 5460
6770 6073
5842 6448
5639 6695
5977 4931
5067 7930
4297 7470
7158 7654
7055 6853
4109 7120
7351 7335
6711 5109
7915 7145
6095 7791
7724 4453
7296 6246
5121 7703
4956 7223
5649 7145
7209 7659
5069 7601
4249 4993
7984 6833
4681 5820
4209 5095
6967 4844
5995 5365
4781 7253
4593 7810
4556 6158
4179 4722
5235 7199
5136 4726
7048 4607
4570 7160
6944 7550
4119 7947
5093 5901
6209 4846
4517 4097
5004 7673
6635 4058
5179 6510
6864 4720
6328 4220
7390 7002
7412 5519
6051 6042
4763 7340
6308 7919
5064 5735
7856 5067
5466 7226
6643 6137
5936 5534
7334 6331
5672 5354
5621 6800
7453 5141
7495 6760
6221 7956
5253 5112
5129 6406
7539 5930
7984 6427
4463 7269
7039 5253
6991 4380
4565 7714
5961 4768
6373 7225
5938 5544
7689 4892
5896 4161
7692 6034
4300 7237
6034 7039
6385 4043
7032 5841
5053 7747
7134 6710
7053 7418
7699 6514
5890 5108
6829 6673
4913 4047
4103 7124
5236 6228
7780 4832
7942 6207
5654 4738
4404 4904
7160 4196
6508 7279
4115 7007
4227 6925
6409 6708
4447 4022
4402 7888
4609 5181
7186 4810
5058 6235
4734 5205
6241 6544
4899 6631
6236 6926
6998 6712
7205 4428
6549 6245
4332 4408
5041 6587
5540 5436
4533 5336
5651 7926
6387 5203
5778 4385
5411 5002
4068 6047
5383 4203
6046 6891
4439 7720
5198 7906
6242 6632
4266 6713
7361 4883
5310 7101
6113 6443
4882 7597
4294 5124
4671 4052
7924 6667
7610 5588
4040 6800
7749 5784
7653 5365
6004 5435
4865 7830
5973 4705
5977 4953
6227 4833
6375 7192
7391 7562
5761 5988
7250 6944
5674 7960
7349 5378
7346 5710
4590 6215
4891 5718
7436 5312
4875 5032
5795 7019
7730 6146
6404 5506
7645 5530
5554 5208
7374 6636
7288 7616
6080 5056
7921 5226
5156 6084
6781 7672
4270 6231
5705 6772
4265 5169
5779 6372
4011 7502
7404 5574
4925 6674
5506 6921
4573 7334
5413 4816
6752 5471
5641 5824
4516 4378
6714 4155
7556 5909
6531 7945
4487 7037
5248 5126
4033 7030
6302 4015
6939 6372
4059 5404
5745 4432
7292 7729
6942 5721
5337 7075
5813 5406
5757 6804
4498 7490
5690 4713
7915 7369
6372 4369
5221 7957
6738 4804
7428 6499
4404 4699
5167 6893
6962 7934
6286 6392
7162 7616
4639 6231
6659 5853
4395 6793
6438 5757
6513 5597
5864 6788
7601 6126
7080 6586
4008 4012
7409 6708
4284 5936
4362 5569
4433 5630
4328 7677
4295 6694
6900 4573
7410 6796
7077 7289
7980 4929
5857 4523
5456 5082
5317 5017
4332 7055
4795 4369
5530 5076
6220 6286
4640 7670
6939 5120
4718 7195
4377 4031
5722 5439
5968 4559
7195 5611
4302 6561
4149 5133
6383 5942
6095 4511
7356 7341
4526 7499
7131 7481
7616 5800
6328 6084
7499 4856
6080 6589
5078 6298
4586 4895
4737 6927
7300 7297
7190 5507
4806 5398
5231 5497
6185 6897
4562 4434
5065 5591
7861 5759
4793 6717
6269 6771
5513 7418
4556 6005
4746 6703
4430 5244
6694 7904
4254 5019
4240 5180
4080 6782
5221 7231
7247 5175
7675 7727
6961 7292
6343 7456
5256 5979
7417 5125
6683 6476
4397 4989
6785 7217
4078 5990
7456 5212
7183 4929
4213 4593
6066 4296
6476 6078
4632 5087
7184 6108
6283 4476
7971 6717
7794 5525
6136 7067
7904 5171
6122 4591
4220 7197
4459 4221
6827 6332
6908 5506
7199 7406
6232 5500
7816 7484
4631 4333
5406 7219
6308 5571
7181 5705
4223 7425
7603 4624
7159 7147
7703 5825
7880 5469
6535 4816
4333 7510
7976 6309
6705 7098
5422 6546
7582 6432
5269 7489
4114 6427
6855 4069
4893 7849
4790 5348
6726 4640
7245 6172
5166 5952
7091 5141
4806 6215
5963 6173
6629 4826
5115 5159
5742 6295
4005 7121
5515 4700
7920 7175
6291 7101
5687 5822
6694 7495
4749 4340
4943 7344
4375 6475
6203 7703
4804 7386
5303 5538
5349 5722
4360 6983
4437 6786
6556 4527
5759 7421
7625 5651
7188 5527
6065 6365
6723 7625
7282 4715
4863 5634
4664 4486
6207 7700
4840 6785
6949 7620
6972 7848
4871 6455
7697 7663
4525 4409
7267 7560
4964 6736
5830 7825
5704 5837
4989 6121
4203 4138
4207 5199
4821 5549
6157 4485
7578 5068
6024 4755
4273 7103
5734 6987
4123 7141
4690 6135
7176 6570
6624 4529
5260 4743
6613 5686
7183 7938
5641 6274
7199 7173
4372 6055
6926 6330
5634 7972
5084 5940
7992 6948
4670 5669
4673 7575
4641 7511
7948 6069
4446 5900
7592 5954
7242 5471
4636 5315
5261 4240
6147 5900
7357 7084
5960 5436
5402 5386
5733 5753
5840 5103
7675 6162
5763 7313
4068 6375
5271 6494
4297 4709
5364 7202
4693 7617
4561 7231
5977 4182
7591 7155
4975 4787
4269 7039
4911 7012
5952 4801
7856 7197
6069 7005
6410 7914
5867 4769
5721 4162
4082 6320
7811 4901
7416 5956
5596 5687
4971 6050
4090 4160
5319 6256
7402 6849
7249 5886
6365 7878
5486 5132
6655 6886
5688 4010
4195 6847
7999 7210
7242 4484
6993 7648
5590 7059
6459 5024
4071 6137
7992 6333
5539 6271
7852 6455
5703 5941
7144 5633
6148 7923
6322 7923
4414 4621
4429 4499
5121 4626
4988 5089
5385 5720
7762 7756
4978 5623
6186 7211
4356 5931
6364 7191
4402 7073
6444 7677
5817 7329
5757 4314
7947 4172
4051 5355
4740 5083
7598 6627
6798 5080
5360 5661
5672 7046
6134 4226
4559 5544
7916 5840
5943 4338
5347 6813
5657 7257
6686 6924
5045 7246
4043 4265
7964 6649
5882 4133
6694 5628
6289 7493
6279 5330
4735 4241
6903 7329
4079 4257
7963 5818
6624 7957
7196 4427
4869 7348
6692 5247
6086 5219
7250 6582
6540 5927
5398 6892
7698 7207
6844 6004
7348 5737
4176 4623
7828 7006
4793 6130
7583 4345
7890 4522
7963 5889
6062 6666
6183 5735
4156 6182
5898 4227
4272 7606
5194 7594
4153 6412
4107 7588
6893 5957
4984 6015
5790 4673
6097 6333
6002 5405
6094 7265
7863 7229
6157 6024
7753 6744
4922 6394
4249 5431
6764 4965
4571 4498
4475 7620
4674 5191
4605 5705
7407 4131
7446 4318
4934 5685
6018 7961
4932 6044
5385 7022
7521 6310
4321 6149
6363 7444
4625 4102
4420 7139
6226 4134
4087 7786
7731 5923
7858 6375
7455 4087
5108 4569
7661 4561
7254 5640
4756 6711
5657 5718
6337 6301
6669 4194
4633 6374
7309 4875
4749 4756
5891 4791
7580 5865
4416 5518
7073 7890
5037 6281
5881 7152
4828 5180
5319 7506
6408 6375
6776 7183
5213 4625
7933 4924
7265 6076
5941 6462
7807 4299
4387 5686
6328 7463
5968 5323
7703 5237
5725 7253
4679 5286
4877 7498
5116 4375
5029 6470
6300 7928
7835 6323
7289 4998
6295 4832
4471 7484
5339 6335
6335 7875
7239 6404
4754 5316
5835 4387
6419 7002
5534 6565
4715 7735
7597 6592
5161 5907
6373 4125
4145 5882
5498 5541
5588 5002
6807 6592
6697 6728
6944 8002
7422 7503
7701 6339
5356 6315
4290 6744
7455 7429
5302 7267
4560 4806
4781 7913
4382 4751
6867 6457
6721 7242
7250 7372
7049 7130
4641 7019
6581 5233
6922 7625
7047 5074
5098 5764
4051 5789
5136 7281
4414 7891
6518 7857
5870 4370
7177 4959
6969 6975
7245 5915
5581 5605
6720 7849
7505 4963
6641 6488
7738 7724
5667 5862
4314 4564
4943 5529
4652 5051
4168 7026
5317 6823
7823 4755
6653 6301
5441 5348
7386 4418
6817 7927
4849 5875
5499 5402
4945 4718
6968 6752
5435 5517
6014 6511
6079 6865
4278 7709
4931 5127
4646 5640
5551 5854
7974 4702
4884 4495
5440 5122
7985 4784
5369 6519
6598 5555
4698 5791
7102 4861
5592 6286
4945 7050
5280 7129
5753 6920
6089 5631
7219 4651
6966 5096
4266 4453
5981 7162
6792 7025
4064 5165
5509 6974
5611 6636
4501 6271
5554 6993
7947 5138
6712 6318
6473 7494
7867 5301
5093 6911
5081 6531
7660 6375
6145 6627
4775 7436
4582 4021
5694 5729
6022 7552
6578 6615
5248 4092
4673 7506
6309 7260
6528 4746
7082 7435
6761 4018
7727 7816
4061 6605
6961 6435
6255 5370
6260 4834
7243 6408
7043 7058
5980 6061
5544 5296
7721 7432
4826 5820
4139 4861
5533 6651
4611 6331
7384 4866
4206 5632
5709 4545
5137 7028
4157 4340
5502 7925
6162 6465
5165 7529
6081 4702
5344 5484
7987 5492
7404 7499
7274 5161
6739 6556
7691 4225
5036 4692
7364 4802
5510 5827
5185 4208
7096 6865
5849 7364
6113 6797
7855 6924
6766 7621
6424 6359
7537 4604
7217 4026
7603 6911
5651 5183
6295 6785
6299 5095
5455 7507
4723 5270
5123 5932
5567 4923
4775 4004
5264 6198
7606 6696
4716 4032
6547 6659
6883 7627
4945 4142
5950 5724
7691 7246
5274 7936
7003 5635
6178 5716
4116 4311
5069 4661
4905 4390
7673 5004
4164 5704
7196 5811
6495 6826
5440 7229
7211 4720
5007 4714
6145 7740
7278 5646
6983 6314
7841 5724
6691 4637
7910 5874
4121 7445
7340 6349
6212 6500
4972 4704
5624 7444
4764 4595
5838 6917
4911 7485
4905 6535
5913 4832
7832 6967
6674 7892
4112 6937
6022 6329
6971 4395
7205 7521
7678 4689
7954 7756
5061 4835
6088 4810
5665 4201
5855 6316
6701 4756
6574 5968
4651 5616
4862 5901
6613 6109
5747 4217
6917 5295
5203 4297
6531 6752
5536 7692
7826 7862
7841 7397
5543 6502
5892 5794
6682 4450
6995 4081
4329 5086
6491 6109
7890 5330
6744 4830
6804 4962
5841 6355
5445 6651
7390 5032
7426 6267
5304 4061
6744 5465
5616 7131
4953 5950
7042 6009
5942 6967
6711 5183
5110 4683
5092 7526
7286 6011
4854 4056
4139 4100
4562 4638
7823 5039
4295 6013
4822 7062
5931 4886
6079 4086
5877 4045
5453 6704
6300 7597
4639 7894
7230 5148
6468 6905
7361 4736
7206 5263
6647 5794
5872 6411
6230 5216
5620 6005
7611 6027
7320 6489
7903 5124
6398 7152
4429 7675
6948 4101
4560 5736
4122 6716
7876 8003
4270 5623
4442 4069
4259 6836
5609 6608
4193 4631
5699 4135
5778 7703
5958 6888
4420 5247
5404 7589
4931 7998
4810 6155
6811 5567
6205 4578
5331 5783
4674 6325
4509 4496
5585 7158
7847 4379
5187 7285
6978 5877
6379 7324
5315 5172
4414 5573
5021 4146
6620 4325
4048 6276
4838 4896
4320 6170
7097 4986
7358 5648
5322 4557
6961 7445
6777 4427
4558 7626
6229 7414
7621 7383
6687 5038
5604 6659
7012 6555
6963 6691
7502 4303
6509 7752
4884 7425
4439 7832
4792 7472
6986 6102
6270 6776
4945 6195
6582 5060
4620 5232
7532 4108
7559 7003
4078 7436
7253 4824
4763 4866
7930 5417
4577 6357
5479 5842
7079 4305
7620 5003
4799 8007
7564 5593
5064 4525
7260 5810
6260 4656
4863 6278
7426 7827
7563 4241
7932 6712
4429 4192
4299 7507
4158 4350
7254 7599
5256 6551
7707 5778
4271 5338
6733 7719
4313 7051
5333 7649
5324 6180
5839 4974
7043 6140
5227 5870
6937 4766
5743 7020
6393 5635
5081 5934
5911 7474
5616 4413
6492 7130
6742 5476
6979 6322
5478 5675
5119 5129
4401 5704
6202 7206
5688 5874
7626 7445
6811 4919
7855 7915
6641 7915
7041 5199
5507 5695
5631 7633
4435 5946
6173 4840
5519 7314
6143 5416
4058 4149
5193 4782
7499 5620
7854 4182
5814 6925
7040 4257
7930 5115
6087 7302
4988 5763
5385 4938
7657 4246
5991 4449
6296 5751
6873 4993
7077 6463
4074 4205
4776 6687
6437 6369
7379 4140
6586 7345
6543 6405
7672 5772
4231 6304
5680 4298
7248 6693
7453 6756
5238 5268
5788 5016
7046 7831
6305 4810
7291 6325
7404 4065
4440 5267
7724 5697
5956 5271
6820 6130
7084 6445
4881 6009
7330 6615
7368 4296
6241 5323
5688 4950
6145 4636
4974 5940
5657 6322
4860 7911
7911 7292
5386 7119
7367 5089
7844 4018
6268 6037
5027 7191
5224 7208
7860 6773
6500 4617
7701 5812
7358 7973
7090 5820
6442 7999
4009 6610
6068 7082
6644 7438
6052 5881
4609 6877
6347 5369
6640 6155
4044 7493
6800 6738
4816 6685
4984 6423
7289 6125
4625 7454
5554 5759
7191 4496
7376 5604
5556 6489
7053 5025
4155 4665
4432 5706
5159 6601
5331 7812
5965 7240
7419 5973
5260 4720
7990 7645
7574 6686
5568 4968
5662 4520
6604 5996
4829 6576
7810 7249
4293 7356
5929 4061
5631 5581
7948 5160
4021 6566
6659 4321
5163 7847
4051 4670
6252 7998
4035 7649
5743 6305
4771 6107
5069 5962
4913 5314
7119 4856
4627 7614
7334 6786
6331 5667
4709 5932
5794 6809
5486 7358
7946 5668
4523 7732
4397 4719
4179 7271
4997 5774
7950 5683
5908 4610
7478 4860
5127 7266
5390 4719
7950 4619
4095 5510
6459 7163
5582 6311
4866 6487
7100 6294
7455 5687
7786 5569
6111 6561
7390 7373
6649 4809
6801 4253
6691 7800
5909 4648
5835 7787
7908 6114
4376 5910
6303 5797
5534 4931
6174 6260
5529 7110
5190 5829
5789 7395
4680 6923
4392 4544
8005 7984
7738 7139
5237 5836
7094 4267
4349 7169
7023 5319
5115 4372
7640 7071
5169 7675
5266 6170
5729 6960
6260 5040
7307 7338
4866 7742
7079 7465
4418 5814
5131 6135
4246 6756
5148 7216
5458 4078
4057 5843
6665 6884
5895 5711
5278 7905
4450 4840
7467 5869
4037 5372
6974 4973
7757 5514
4331 6617
7835 5179
7552 5949
7125 7549
5608 4952
7526 4772
6110 4116
5560 7685
6452 7409
4446 5128
4206 7699
7998 6954
7254 7472
6435 6746
6872 4597
6493 6473
6216 4293
6086 6818
7698 7844
4018 4569
7024 7174
5779 4487
5381 4970
4817 4235
7982 6001
4259 7791
5468 6261
6924 4563
7061 5845
7141 5634
6028 4803
7266 7377
4055 4463
6062 6873
5654 4224
5269 5807
6280 4693
5506 6253
7666 5441
7132 6209
7205 4820
6580 6731
7234 5876
7067 4578
6533 6013
4461 5219
6136 7852
5502 5692
5519 7578
4202 7261
6984 6255
4458 6121
6989 6143
6996 7717
4385 4230
4425 5171
7052 6555
4947 4048
7015 5690
5655 6125
4221 5018
6763 4854
5156 4571
5694 7230
6855 6877
5057 6544
7276 6361
5338 5258
7976 7662
4016 5646
7161 4623
6679 5828
5832 6494
7053 6990
5754 4577
6296 6403
4585 4339
5919 7967
4935 6294
6944 6223
5656 5735
4797 6630
7857 5231
5878 5380
5882 4191
5436 4381
5519 7727
5232 4485
6463 4784
7712 5907
6644 7949
6798 7743
7299 5201
6745 6382
6142 5889
4228 5757
7619 6931
5780 4813
5740 6313
6043 7976
4744 4896
4867 4356
5633 6040
6426 7562
7582 4433
7829 5652
5878 6004
4952 6825
4739 4564
5919 4335
5510 7825
5126 6742
5139 5908
6722 5366
6042 4221
6644 5101
7715 5935
6527 5666
6753 7288
4949 7356
7935 4865
4923 6669
6163 5429
5954 5302
6694 4652
6621 6035
4608 5508
6277 5241
4349 5427
6670 7267
4947 7267
6817 7456
6049 4573
7731 6937
4609 6259
7216 4080
4610 4197
7964 5929
5074 5977
4230 7645
6954 7736
7615 4944
7889 7384
4399 6589
6630 5791
6535 4572
7849 4434
4917 4031
7625 7473
4637 4354
7249 5076
6880 6477
5892 6024
6534 7778
7415 5812
6944 7012
7803 5682
7110 7120
7694 6768
7699 5691
5653 7946
4653 5506
6747 4104
7596 4355
5691 5769
4075 7802
6348 4692
6550 4708
4014 6242
6684 7846
6091 5638
5808 4729
5080 7959
5309 4664
5834 4333
7655 7802
4709 4799
4456 6294
7776 4193
6932 5812
5383 7844
5206 6353
6606 6702
5069 4366
5340 6302
7165 6002
4609 6471
6839 6296
5232 6007
7735 6161
4470 6437
6961 7000
4645 6964
5400 4653
4843 6349
5522 6939
5649 5277
6840 7674
5677 7139
7375 7068
7029 5609
7673 4755
7329 6196
6357 4705
6516 6443
5688 6816
5969 5768
7048 6989
4614 7757
6744 7398
4056 6166
4514 7911
6585 6489
6633 7793
7168 7857
7142 4791
7538 6054
6257 7104
5162 5552
6242 4162
5278 4987
7524 7783
6637 7966
6064 5432
5544 7845
7964 7432
6101 7145
6167 4144
5976 7765
6991 6127
5521 4758
4430 7344
5959 5627
4099 7132
5629 5019
4178 4990
7316 7964
7556 5908
7644 5917
8002 7145
4248 7109
4675 4158
6833 5901
6367 7976
7494 4053
4346 5371
6250 6218
4932 6247
5377 6988
4562 4669
5724 4922
6355 6642
5296 7201
6844 7061
6535 7350
7689 6626
4798 6996
7160 4775
4652 6041
5658 7329
4053 4159
7865 5260
6248 6560
7972 4525
4121 5997
6496 7939
7778 6552
5864 5533
7957 6453
4622 5509
6077 7881
6652 6027
6891 5489
7485 4162
6701 5731
4692 6221
4766 5116
4146 5859
4301 7454
5628 4765
6306 6893
7878 6855
4481 6487
5638 6278
7939 4750
6620 6948
6277 6590
6736 7231
5936 7403
5929 6946
7579 6889
7421 7985
7314 4390
4459 5421
7893 5584
6405 4605
4316 4944
4979 5108
5950 7652
5185 6106
4337 7459
7781 6069
5837 7376
6820 4694
7695 4263
7242 4116
7927 6106
5314 4848
5240 5792
6752 6021
7732 7757
7381 5096
4283 6417
4165 4675
4291 7484
4368 7818
6616 5848
7011 7534
6506 4726
5001 4774
5151 7704
4857 6604
5304 6158
5510 4674
7689 7192
6326 7699
4552 4386
6810 7398
5236 5143
4255 5605
6249 7169
4678 6320
4710 6347
4252 7847
7977 5789
5466 4640
5851 4434
4840 6930
6340 5179
4095 4894
7990 5478
5960 4345
5923 7746
7922 6703
6223 7849
4483 5371
4534 4894
7361 5464
5166 7904
4533 4602
6088 6218
7537 7496
4907 5561
5251 6206
7845 7634
6485 6340
5378 4849
6910 7416
6293 5613
4723 4252
6404 4323
7502 7156
5930 7075
5760 7907
4796 5943
7300 5109
7700 4727
4119 5850
4084 7542
6430 6257
4272 5626
5717 4111
4825 5585
6182 5728
5500 6820
5114 6753
7613 7023
5674 7766
5044 4225
4961 6863
7297 5767
7408 4204
4855 4301
5539 4338
7394 5211
6104 5527
6602 5404
4147 6555
7857 5243
6625 7123
6567 5696
7683 7957
5971 6478
7803 7999
5591 5044
4171 7360
6497 6328
5640 6845
5514 5592
6827 7044
4727 6982
6290 4015
4247 6905
7273 7473
6016 6000
5986 6119
5067 4330
6124 6947
6486 5730
6474 5719
7074 4143
4335 4704
7050 4987
4505 7487
7974 6707
6265 6766
4498 5735
7052 6329
6865 4710
6262 6171
6579 7387
4396 7025
7403 7019
5662 7261
6724 7498
4548 5580
5780 4440
7129 7109
4997 7130
7977 5882
5267 6538
4825 7988
6667 6211
5834 5336
5005 4555
4753 7285
5690 5803
7981 6030
4503 5581
4903 7581
4126 5285
5389 4872
6342 7434
4395 6251
4500 7411
6975 7204
4982 4487
6055 6123
7549 4080
5744 4331
6216 4493
4004 4785
4551 4706
5376 5743
7661 6121
5223 4274
4848 4859
7855 6493
6934 5878
7759 6001
7973 4960
4185 5958
6889 7165
6666 5619
4119 5971
5890 7743
4739 7096
4335 6835
7305 6906
4743 7985
7521 7567
6657 5219
4367 7104
6098 5493
5888 4870
6855 4983
7376 5819
7846 7867
4685 6441
4363 4087
6096 4361
6159 7596
6708 5504
6226 4574
7788 7015
5958 7624
4196 4470
5343 6337
5058 4171
4431 4098
4289 5138
7872 5649
5799 5650
7105 5588
4388 6211
5974 6448
4876 5840
7359 5823
7876 6002
7723 7827
5199 4676
4814 5207
5086 6925
7959 7055
5250 6410
7985 4389
5988 6051
4874 4710
6550 4228
4188 4366
7916 7106
4954 4433
4487 4971
6636 6087
6785 5751
5578 5610
7905 6041
6858 7594
5379 4411
7693 7344
5912 4143
5250 4452
7842 6946
7153 5157
7916 4562
4636 5509
6757 5556
7006 4185
7028 4683
5773 5952
4012 4346
7172 5329
6063 4900
4004 5430
4078 6688
4043 7662
4816 6633
4557 4052
4746 7607
4588 5899
7505 4251
7735 6979
5609 6439
5569 6842
5348 7022
5113 6254
4428 4293
6782 6881
6901 6063
6570 7387
4656 6042
7504 5653
4824 4587
5234 5752
7303 7988
5224 6946
7224 4204
7736 6808
6763 4322
5993 4378
5922 4755
6727 5601
5025 7844
5712 5811
6283 5058
5964 6731
4656 5870
4436 4035
5497 4534
7432 4497
7712 4735
7029 7039
5894 7172
4077 7494
5063 7935
5910 4431
6974 5875
4605 5973
4084 7716
5616 4852
7730 6798
4329 4145
4039 7524
7202 5331
5072 6624
6471 4884
7836 7289
5469 6843
4342 5790
5768 5332
7084 5118
6172 7371
5507 4118
7711 6320
6099 7724
4930 6219
5197 4506
6479 7936
5178 4727
4864 5308
5953 4766
6268 6756
6614 7363
4449 4565
4849 7367
6733 6469
5737 5197
4142 4797
5226 4482
4230 5767
6458 4621
4011 6565
6486 5520
7467 4287
5040 5821
6157 5727
7915 7075
7310 6878
5678 5216
5851 5916
5331 6275
6378 4926
7628 5039
6965 5666
5823 4778
4848 4959
5762 6565
5033 5331
5049 6145
7513 7584
4174 4229
7545 6122
7135 5842
6637 6558
7997 6748
7388 7808
5661 4942
5900 6306
6050 6495
5706 7629
6618 4257
4641 4016
7753 4822
7395 7676
6473 4075
5489 5527
4410 6451
5920 6812
6044 6095
6434 5453
4422 6937
4501 6625
5379 7420
7007 7212
6923 7353
6948 7764
6186 5009
6998 5640
4471 5483
5340 7641
5516 5309
5449 7457
4301 4591
4633 5013
4057 6208
7826 6695
4926 7675
6336 7899
7001 6592
7958 5418
4787 5730
5528 7666
6279 7864
6445 6987
5228 6665
5759 5711
5161 6681
4159 5228
4117 4483
4213 7907
7518 4942
5148 6280
6555 6959
6197 4094
5379 5559
7315 4945
7352 5930
5531 4023
5999 6701
7197 7934
6198 6969
5883 7500
7490 5062
6048 6823
7540 7630
5508 7457
5095 7111
7124 7778
4787 6911
4014 5809
5211 6309
7556 5291
7040 5294
5922 7479
6282 5865
6381 5194
5041 4443
6517 7214
7641 4230
4012 4473
5110 7018
6523 4035
6121 4306
7899 7643
6528 7128
6979 7346
4853 6390
4462 5057
4022 4239
5355 7062
6566 7812
6184 4528
7730 6671
4427 7228
4869 7772
6026 6707
6948 4902
7940 6725
4172 7593
6316 6454
5560 4198
4062 5819
6083 7143
6581 5372
6813 4283
7558 7188
4007 5121
4007 7604
7936 4436
4252 7385
6308 7448
4124 6770
7043 6426
4591 6862
4552 5445
6284 6618
4504 5546
6025 7813
4503 5018
6658 6174
7354 5692
5907 5677
6222 5699
7150 7964
4653 4592
5264 7704
6768 5658
4777 5818
6400 5841
4138 7841
7189 7216
4131 4140
7611 5746
5655 6213
7484 5693
4975 7225
6321 4541
5043 7846
7822 4746
4061 5529
5491 4423
4516 7653
4345 5655
7337 4584
4220 7877
6434 5454
6129 4105
5500 7184
7960 7556
7494 7597
4494 7112
4137 7479
5543 7286
7175 6313
4754 6100
7817 5820
4692 6062
4931 4542
5730 6725
4598 7960
6052 4147
5844 6506
7439 4181
7713 4946
5380 7811
5453 7760
6368 6582
7179 7400
7972 5704
6593 7465
5004 4634
4824 5821
7182 4404
5798 7952
6613 5964
6254 6800
6418 7529
6399 5413
5520 5144
5370 4754
5612 7013
4691 5974
5762 4775
7619 7271
7069 5174
7940 7063
4117 7199
4585 5402
6383 6297
7023 4452
7822 4643
6731 4372
5040 6813
4783 5415
7139 4897
6843 4531
4698 6416
4847 4093
6312 4468
6646 5152
5273 6893
5859 5211
6460 5278
6356 6850
7636 5857
7370 5327
4701 5514
4628 7217
6574 7612
6626 7070
7465 6471
6278 4242
4615 7147
7204 6269
5078 6154
7193 6326
7335 4945
4443 7706
6648 5682
6445 7489
6350 5918
4559 7300
5578 6205
6983 6840
4419 5630
5377 4150
7739 5295
6845 4213
7586 6652
4919 4121
4103 7199
5724 6803
4963 7721
4488 4460
5698 6790
7166 5398
6107 4344
5512 5603
5950 4949
7951 7663
6975 7786
6063 6983
6899 6792
7433 6706
7644 7097
5837 6841
7737 5045
6109 6086
5666 6020
5412 5556
5963 7377
5487 4254
5501 6344
6325 5590
6584 7413
5943 7389
7463 5057
7229 4822
7955 7329
7467 4857
6799 7652
5529 7278
4480 5285
6124 5129
5167 5742
6635 5784
6950 5903
5494 4602
6158 4487
7220 7619
7649 6539
6347 7167
4811 4674
6640 5674
7242 7312
5216 5644
4357 6448
6025 6781
5667 6816
7226 6263
6981 5016
4678 6491
6104 5767
7337 5435
6031 6234
6469 6050
5518 5500
6732 5049
6599 7767
5119 4908
5587 6894
5051 4308
4668 7428
4329 6820
6173 5421
4656 7415
5718 4334
6933 6578
4417 7984
7431 5459
7098 7970
6979 4048
5818 6766
6500 6966
6467 5294
6797 7752
6862 4039
5395 7377
6161 5959
5014 7857
6128 6769
4781 5001
7334 6736
5379 5121
7597 5054
7382 4738
5016 7264
4185 7164
5227 5481
5392 4745
5517 7885
6327 6160
4660 5887
6453 5237
7825 7262
4931 4026
5011 6489
5966 6299
7846 7166
7455 4475
6613 7517
6171 6471
7073 7981
6046 4145
4242 7895
5043 7627
6808 4269
6718 6241
4052 5712
5289 4465
5286 7788
6254 6507
6400 6875
4471 7293
4115 6106
4336 6002
5691 4453
5544 5050
5193 4637
6171 7636
5474 7771
7194 5592
4528 5438
6881 7589
6846 6574
4580 6533
5753 4904
6918 5193
6150 5966
5325 5923
7170 7983
5924 5535
5974 5232
4270 5667
4793 6370
7266 5435
5174 6374
4979 5495
5802 6697
5875 4694
6165 4468
7261 4803
4425 6727
7974 5794
4200 6457
6644 7201
6955 7802
6881 5922
7886 7032
7484 4638
5111 5323
6638 6178
7579 5221
7939 6650
4294 6078
6220 6578
4962 4441
4564 7712
4346 5856
6758 4677
5459 7650
7049 5075
6526 6951
7525 4832
6809 7997
4406 4689
5576 5591
5358 7219
4692 6454
5091 6874
5160 6651
5059 6092
5366 4164
6975 5476
6021 7082
7140 6324
6012 6998
4454 6363
7156 4481
5402 7651
4055 4155
5633 5047
5274 7836
7337 6493
5537 5520
4455 6795
6593 4600
4634 7661
7421 7395
7889 6834
7720 5222
5645 5070
6438 5713
5275 6122
7305 5981
5743 7015
4196 7315
5910 5121
5638 7552
6405 6794
4581 7398
6509 5339
6515 6203
5165 4705
5967 6687
4086 5792
5621 6330
7372 4302
5195 5116
4911 4210
5254 7340
4187 4703
5964 5367
4907 6394
5741 5282
7508 5600
5070 4862
7450 6058
4137 6267
6282 5664
5197 4617
7564 6748
7036 7543
5086 6179
5865 7826
7988 4944
5598 5121
7801 7392
7871 5771
6426 5573
5423 4154
4574 4103
7053 7737
7119 7101
6056 7725
6505 4633
7814 7086
6953 4236
4144 5482
7306 4127
5972 6267
4225 5815
7504 6544
7722 6953
5121 5520
4773 4651
7609 5648
6868 7065
7564 5952
5928 7818
5244 7002
4091 5419
7257 7471
6708 5506
4937 5429
4065 6780
6164 7297
6488 7226
5939 4600
6400 5773
7598 7524
7270 7388
4438 4265
7546 6806
5638 7531
5359 4572
7727 4004
7027 5224
5039 4129
6088 6876
4457 5617
5933 7668
4257 5388
7673 6723
5020 6717
5993 4012
6107 6913
4232 6665
5319 6766
7287 4264
4193 5034
5841 4872
6069 5754
4111 5504
7938 7088
6790 6018
7983 7384
6903 7284
5124 6615
4195 5350
6178 4964
7547 6455
6531 7355
6469 6848
5188 5068
7379 6106
7025 6336
6171 5726
6060 5688
7604 4712
6552 5805
5402 6172
6128 7146
7615 7966
6781 4312
4351 4758
6897 4694
4228 7330
6036 5673
5423 6739
4006 6051
5826 5156
5203 7539
4524 5537
6399 7265
7350 5280
7793 7850
5493 5254
7657 6973
7570 4571
4800 6837
7549 5752
7860 6474
5601 6546
4512 7778
5417 6320
7614 5911
7869 4027
6999 4542
4926 6602
5389 7776
6235 7558
4445 7360
7080 4977
4110 7282
8000 4272
6022 5510
5634 7461
4361 4644
6870 7433
6440 5173
7540 5316
6912 6749
5832 4534
4927 6159
5233 5716
6544 6515
4136 4751
6594 6516
6143 7403
7081 5257
7007 6263
7979 6019
7205 7630
5365 6501
6396 7648
5626 5722
4664 4560
6231 5545
7533 6571
6964 5271
4276 4655
7089 4899
6977 4854
6510 4348
7836 4653
4788 4384
4936 6166
7657 7179
6003 4170
6066 5731
4749 4596
4286 7554
4321 7606
5382 5994
5559 7413
7127 4117
4502 5800
5989 6794
7236 7766
5786 7694
5062 4214
4278 4229
4916 6863
6687 7797
5788 4858
4605 5672
6735 6309
6920 7206
5344 4870
7914 4931
6692 7997
4834 5415
7575 6405
7967 6458
6754 7431
6431 5517
4046 6079
7395 6484
7092 7927
7307 5382
6715 6097
6977 6576
4857 7536
5601 4037
4736 7629
7819 6429
4926 7323
5587 5765
4209 7585
6780 7924
7790 7230
5835 7080
6564 5879
5937 4004
7618 6983
4279 5216
5235 5213
4649 7573
6843 5780
4817 7616
6540 5152
6658 4506
6900 5475
6382 6881
4197 4056
5229 4890
7234 7325
7636 7743
6949 4628
7967 6387
7887 4518
6068 4451
5879 4528
6213 4190
5980 6465
6143 7167
6098 6962
5740 6408
5133 4306
5850 4247
7489 4923
7021 4063
7221 6234
6797 4087
7205 5969
6580 4739
5806 5824
7454 4978
8007 6437
6974 5548
6421 4942
4826 4966
6367 7067
6632 7327
7494 7715
6174 7620
6679 7410
6718 5439
7286 7586
5851 5347
6747 4159
5009 7924
5333 4035
6404 4304
4843 4398
5815 4481
4144 6212
4493 4670
6274 4682
6204 7469
5290 7597
5867 6526
7329 7540
4019 5691
7340 4167
4369 6706
5910 5503
7486 4734
5634 7003
6756 4833
6296 5165
7925 5752
4360 4678
5143 4677
4076 7111
5845 5792
6770 7420
4451 6444
5699 4896
4225 4719
4745 5352
4882 5618
5330 7364
6403 6487
4787 7966
4992 5533
6137 5600
5512 5575
5938 5962
6686 4303
6554 6869
6827 7065
4494 5615
6767 7757
6446 4888
6773 7166
6985 7873
4634 7672
4066 4256
7128 7449
6303 6234
6670 6666
5787 6268
5720 7286
4971 5672
4778 7040
5269 7031
7988 5378
4760 6271
4946 7106
7542 5966
7786 7984
4841 4546
4359 5279
4693 4365
4740 4187
5226 5528
7875 7100
6572 4223
6124 6384
6199 4494
6121 6253
6569 7871
6718 7635
4156 7929
5552 5922
6718 5911
6951 5303
4879 4487
5562 6804
4484 5453
7697 7700
5970 5514
4995 7883
4149 4863
6229 6057
5904 6644
7360 6044
7480 5520
7797 7098
4340 7787
5805 5869
6466 5869
6608 7467
6116 6955
4386 5080
7152 5863
6344 5158
4699 5870
6014 4687
5181 7631
4122 4964
4553 6379
7617 4525
6897 6249
7942 7997
5071 7775
5147 7599
4333 5752
4596 5974
5531 6625
6158 5027
5300 4315
6564 6065
6904 7097
5819 7005
4786 7276
6160 5717
5937 7976
7507 7068
7035 4105
6955 7856
6609 5855
4358 5267
6860 4958
7450 6027
6244 7768
6970 6591
5085 6865
5837 6145
4502 4274
7510 7509
6652 6702
5361 6266
6317 7051
6071 5152
5527 6490
6995 6566
4823 5212
7966 4852
7118 6791
4136 7880
4348 7444
8005 4066
7839 4797
5442 6241
4767 4532
4722 7981
4615 5081
6974 5404
7367 6086
4155 7202
5615 4064
7710 7892
5917 6526
7515 7752
4616 7692
6983 6811
5695 4908
6389 7444
5989 5745
7488 5964
4200 4700
5925 5107
7142 6464
5614 4401
4550 5875
6358 6543
4192 6037
4786 5200
4134 7544
5302 7923
6315 7226
7866 6867
6196 5000
7506 6525
7202 7986
4158 5550
6410 5995
5110 5000
4978 7184
4586 7734
7654 7663
5289 7609
5431 5433
5540 7280
5332 6780
4276 5849
5392 4903
7207 4639
7092 5066
6288 7626
7156 5817
6891 5898
7553 4814
7025 6280
6442 4450
7900 4889
7747 6158
4639 5473
4374 7334
5445 4682
5033 7501
6957 7862
4337 5107
7833 7715
7232 6933
6004 6991
5108 4134
4547 7435
6024 4944
7394 5140
5319 6838
5822 4782
6873 4446
4255 6383
6285 4778
6755 5670
6992 6298
6731 6860
6987 6690
4508 7455
5884 7973
5475 4722
4123 6623
6779 5927
7348 6850
4569 6541
6586 4710
6412 4070
7470 5979
6388 4559
6148 4011
4914 6065
5145 5581
6077 4893
4562 5318
7716 6984
5734 4081
7741 6616
7772 7681
6252 5682
5477 7842
7580 4860
6197 6264
6025 5946
4957 7294
7126 7149
6575 4902
4101 4158
5707 7558
6260 5324
5616 6428
6026 4201
7580 7484
5680 4324
5210 7040
7612 5357
4911 6264
7305 5174
7046 4649
4083 6636
6330 5727
5901 4540
6170 6024
6526 7369
5504 7139
4531 6215
7658 7579
5052 5253
7195 4438
6920 6912
7983 7504
4177 4597
6471 6260
6941 5602
7351 4041
7633 7298
4472 4154
6734 7444
7714 7866
5428 6072
5126 7561
6541 4437
6255 5903
6179 7771
5019 4909
5641 4525
5364 4632
5900 5262
7927 6392
7181 6964
6439 4423
4642 7281
4516 6955
7870 7233
4601 7792
5240 6821
5084 6200
4336 4378
7103 6672
6585 7933
7755 7864
4312 4777
5791 7931
6624 4734
4436 4122
4209 7346
5215 5221
4569 4367
5567 5576
6115 7039
7441 5171
7854 4771
7461 6261
4515 5456
4078 7384
5394 6645
6569 6834
4286 4227
6260 7070
6491 6655
5064 4938
4335 5723
6978 5974
7593 7352
7954 5116
5587 6016
4080 4108
4572 7909
6899 6452
6081 7524
4749 5530
7491 7397
5780 7296
5488 7358
5124 5457
6860 6980
7407 5052
6929 5600
6771 5093
6310 5764
5868 4495
6524 4299
4938 4534
7448 7131
6079 5383
6919 4267
4853 7961
5411 4969
7632 5816
4451 4856
4005 5775
4984 5042
5805 7485
7035 7659
7993 4079
4175 4047
4909 5734
4505 6744
5215 7439
6040 7980
6924 4849
7546 7907
6594 4137
6515 7343
4676 6217
6543 5706
4591 4892
7254 4089
7044 7055
6791 4006
6597 7064
5976 4898
5372 7709
4905 4690
6770 6074
7347 6108
5534 7956
5908 6663
7967 7206
4008 5791
4072 6929
6767 7750
7465 4627
5547 4830
7085 4964
7302 5967
5207 6245
6014 6815
6697 6054
4093 6404
6636 6674
7442 7296
6154 6662
7300 5445
4524 4758
4952 7278
5800 5170
5638 6178
7623 5250
5639 7061
4908 7293
4116 6418
6499 6879
7625 6257
4287 5662
5210 4654
7692 6191
5232 7064
6432 5356
6151 6031
5565 4821
4546 5881
5589 5072
6977 6888
4310 7439
4999 6147
7125 4882
6957 7119
5752 6567
8001 6215
5501 5600
6734 7807
4302 7095
6179 4113
5562 7718
6094 5600
7240 5633
4932 6904
6144 6105
4287 7709
7733 5155
4804 4173
7429 7250
5766 7483
5613 5370
7812 7213
6787 4762
7528 4067
5388 7497
4469 5849
4299 6325
4573 7385
5406 7045
6169 5447
5175 5975
5240 6941
6333 7377
5799 5284
6973 6413
5478 4852
6364 4026
5603 5766
4152 4916
5317 4625
4202 5321
6470 4114
4742 6825
6601 6028
4377 6384
6475 7477
5887 4466
6169 5667
5033 6056
7336 6863
5015 6149
7198 4186
4874 5218
5690 5240
7604 7117
4248 5015
5777 7145
6493 4207
4931 6867
4094 5526
6301 5441
5514 5925
7049 4519
5027 5303
6734 4698
4596 5968
7495 5108
5778 7406
5081 4620
6201 4367
7427 7225
4307 4332
7875 5645
4199 4262
7228 5964
6535 5756
5599 6043
5370 7746
7302 6984
7917 6977
5257 5246
4436 7658
7413 7163
7915 7892
6365 4119
7039 7213
7045 5816
4066 4167
4224 6155
6789 4519
7888 7246
4983 4518
6533 5731
4866 5066
7318 5029
4469 4029
4443 7529
7122 7973
5283 7957
7109 4435
6721 6954
5913 4418
4674 7589
5570 6529
5163 6036
5017 7475
7487 5684
7061 5198
5035 7943
6535 4874
4667 4930
5379 6863
5597 5243
7393 4797
6060 6203
7609 5224
6902 6931
4678 6393
4139 5554
6990 6791
5811 6780
6921 5289
5647 7033
7663 4581
7145 6542
5694 4228
7203 6165
4769 6735
6756 5668
4639 7228
6035 6671
7370 6703
7006 5943
7793 5573
4703 5549
5737 7353
5834 6273
7562 5376
6648 6060
7473 6438
7501 6210
7276 7364
6955 7320
6169 7735
6126 6536
4289 4640
4666 4072
5309 5425
4137 5980
5305 4819
5531 6225
4490 7648
5799 5893
6470 4242
4760 7842
4516 5912
6053 5914
5701 4153
4694 5547
4127 5855
7683 7525
7740 5199
4639 5588
6452 6122
6362 6198
6042 4284
4835 4137
6825 6344
7475 6167
7462 5609
7759 5604
6877 5786
6450 7615
4276 7166
4096 6085
4892 7840
4470 5272
7933 4437
4090 4717
6820 5246
5505 6754
6180 6463
6669 7370
4701 6076
6840 4188
7572 4774
7416 4926
4365 7181
4833 7966
6802 4085
5351 7294
5823 6487
7480 6243
5807 5857
5080 6248
6954 6962
4933 4255
6467 4592
4080 7612
4938 4709
6536 4513
7990 5123
5366 6500
7970 7785
4890 6597
4103 6263
6619 6047
4189 7492
4502 7172
5242 4242
6981 5036
4210 4486
6097 5947
5792 6935
7857 7933
6512 5901
7542 5388
4043 6771
7376 5108
4934 5426
4972 5423
6779 5929
5020 7063
6429 6626
6211 4641
5528 5827
5514 6246
7378 4571
5799 4546
6346 6822
7134 6143
6352 6571
7910 4626
6431 5546
4372 5223
6829 4834
4013 7401
6291 4483
5029 5331
7945 4784
4367 6920
4204 6908
4446 7794
5851 6597
4835 4265
6991 7031
5638 5886
6200 6690
4493 5299
6056 7158
7603 5775
5392 5890
5691 6481
6005 5887
5114 5251
6958 4819
7405 5799
5653 4512
6625 8001
5990 7852
7330 5009
7802 5613
4816 7186
4478 7505
5161 7312
7421 4472
7124 4945
4779 5089
5602 7374
7343 7083
6655 7125
4373 7811
7515 4289
5443 7699
6494 7020
5464 6197
6149 4040
5541 6130
7193 4962
7518 7321
6336 4891
5454 5358
7835 7607
4525 7953
7143 6966
6804 5504
5813 6813
6596 6134
6252 7551
7164 4841
7879 4677
4246 4011
7427 7941
7667 4668
6491 4701
5516 5116
6909 4863
7795 6368
7864 7105
6164 7384
5265 5317
7401 5251
4149 6224
6141 5192
7327 5414
5291 7297
5854 7729
5994 4475
4996 6794
5345 7211
5079 7437
4497 4952
4994 5349
4141 4061
6035 7331
5619 7724
7534 4700
4080 7531
4289 6015
7740 7849
6559 7442
6735 6856
7158 7051
5904 4719
5932 7042
6632 4791
6299 6822
7945 7549
5081 6244
7913 6391
6499 4459
4258 5412
7940 7212
7562 5317
6552 7869
5273 4143
7386 6724
7720 7249
7245 4981
5866 4981
6400 5634
6548 4919
7057 4327
6164 5258
5929 6942
4297 6901
4883 6101
5039 5963
6289 5564
6031 4982
7777 4089
5668 7195
5874 7096
5148 4255
5729 6468
4388 7477
7254 4516
6732 7279
5839 5978
7165 5772
7667 5895
4586 4156
6705 4165
5974 6903
6293 5320
7666 4280
5027 6527
7965 4320
6467 4352
6112 4209
7377 6579
7955 5523
4445 7255
5379 4777
4439 7508
4006 4560
4138 6819
6086 7213
5234 7879
4775 4708
7739 5078
4383 4521
4131 7827
5646 6763
4530 5041
7606 4714
5239 5142
5084 6167
5513 7573
6328 7179
4109 7828
7476 7100
7371 6781
5171 7510
6788 7760
7489 4565
7723 7996
5770 5074
7276 4050
5885 7570
7784 5627
4497 4578
6466 7064
4403 5807
4979 4130
4052 5706
5556 4282
7937 6742
4902 4425
7080 6859
5741 7110
7442 6531
5320 6115
4750 6497
4352 4535
5884 4370
5167 7052
6399 4917
4193 4405
6910 6369
6947 7317
5572 6508
5869 6662
7215 6761
6978 5703
5924 5446
6624 6814
6047 7266
7502 7104
7386 6958
6150 5036
6999 6065
5238 6358
6525 7600
7628 6684
6119 6176
6568 7576
6143 6533
4800 5802
5368 6323
7935 5653
4150 6308
4910 4176
5930 6627
7108 5563
5058 4257
4899 5162
5147 5559
7377 6113
4467 5631
6213 4881
6959 4284
6725 4130
4093 7933
4419 5058
7368 4183
7653 6182
7882 5707
6237 5958
5272 5849
6280 5044
4041 7929
5351 7271
6241 4458
5310 4842
7513 5527
7822 7571
7503 6545
6130 4227
6724 6806
7925 7029
5089 6467
5603 5319
5196 6467
6722 4410
6722 5363
7760 5196
4565 7708
6302 7043
5914 5564
6328 5789
4355 7184
7690 5731
4570 6219
4052 4300
4049 6843
7435 5033
4933 5888
4752 5889
7587 4790
5665 4166
6656 4527
4168 4754
4045 6510
6844 5422
4902 7649
4284 7986
6596 5168
4554 4721
6463 6468
4303 6477
7544 7647
6725 6603
6773 7502
5221 4091
6494 5647
7636 7466
5730 7148
7770 4916
5480 5044
5653 4644
5619 5672
6993 7077
5456 4033
4989 6046
6383 5664
5626 4259
4200 4446
5703 7446
7604 5008
5217 5980
6827 6290
6450 6481
4549 4190
5317 4872
4521 5744
4575 4325
5304 6642
4545 7172
7833 7821
7541 5661
7975 6564
6447 4475
5294 5766
6939 6947
4554 4734
7527 5670
4720 4573
5475 7439
4632 6446
6378 7567
4238 4973
7476 5692
5923 4830
5982 4747
7576 5512
5016 7204
5932 4299
6270 5324
7087 6230
4884 4550
4727 4172
6510 6756
6468 4647
4378 6095
7821 6186
6658 4723
4160 5096
7307 6246
7229 4081
7417 6607
7035 6634
6579 7967
7874 7447
5939 5818
5735 4161
5689 6277
5247 4677
6518 4211
4439 7853
7448 6992
4853 4986
6159 5887
6213 6974
5980 7433
4866 6107
5351 6005
4864 5610
7188 5457
6664 4926
5195 7614
6004 7165
5250 5426
5340 5953
6503 4768
6396 7837
5727 5305
6129 6048
5799 5424
6750 5108
6136 5309
5287 7520
6692 7723
7956 4163
6022 5169
7870 7408
6875 4051
7382 4547
6711 4466
7428 4664
6736 7104
7193 5311
6454 7461
6225 6505
5249 4626
7584 6926
4247 6868
6995 6026
5462 5804
7524 4865
5563 5928
4664 5916
4607 6664
7277 5150
7690 7348
7712 6004
6996 7284
7663 6576
7339 6625
4839 6889
4458 4022
5193 7686
6246 7833
5839 5264
6599 7791
6835 6569
4918 5832
7173 5891
5614 7956
7333 7757
4149 5701
4603 5195
4863 5380
6780 4289
6964 6769
4133 7748
7754 4834
7813 6082
6861 4627
5741 4612
5564 6985
7670 5449
7407 7928
7946 5494
6282 4974
6845 7359
6334 4836
7614 7122
6603 6962
5837 7994
7343 6628
5831 6538
5801 5547
7020 5839
4092 7277
7008 6072
5354 7401
6129 7514
5463 5808
5489 7611
6632 5670
6795 6459
6145 4936
6322 6986
7359 6020
7828 5513
7941 7122
7590 4267
7001 5773
7592 5258
7816 4785
7804 7077
7872 5547
5604 4655
7422 7225
5801 5401
5088 4538
7734 7517
6698 7403
6713 7996
6181 5789
6862 4314
6032 7196
7049 7518
5140 5768
5876 4290
7129 7990
7774 5402
7563 5895
7750 7990
6325 7767
6954 7915
6249 6919
4921 5717
7350 7080
6288 4851
4715 4262
4747 5726
6736 4924
6525 7982
7155 7293
7670 6870
5064 6434
6925 4849
5543 6682
4186 5493
7212 5825
4341 4486
4179 7756
7594 7138
6369 5113
6085 7246
4156 4097
5155 4826
4204 6995
6451 7692
4326 5003
4578 5415
4965 6173
4204 7574
7905 6445
7575 4824
6505 7917
7757 5514
7136 4733
4354 4057
6606 6630
6808 5901
4190 4555
7719 5213
7200 6871
4266 4915
7530 7829
5408 7520
6248 5103
5924 4509
6301 5993
6940 5294
5319 7103
6319 5081
7673 6791
4962 5938
4069 4362
4964 5248
5666 6115
5212 7036
7379 5232
7749 7499
6422 6233
4837 7259
7274 5784
5985 7184
6433 6016
4182 7745
5569 5217
5946 5424
6975 5207
5376 6487
7972 7882
6141 6007
4666 4390
5705 7198
5538 6778
7993 6984
5674 5062
6240 4654
6924 7567
4688 6595
4845 6408
7750 4660
4186 6149
6467 4092
6808 4498
5292 5930
4851 7236
5609 4599
6515 5632
5384 5478
6277 5828
6027 6296
5086 7075
4389 4983
7982 7649
4039 7933
5715 6204
4227 7165
5621 4459
6151 7777
5862 4233
5439 4183
5869 7151
7072 4372
5206 5587
7881 7200
7434 4410
7768 5803
5014 5530
4308 7396
6487 4059
4880 5867
7381 6771
6253 6675
4287 7859
7785 5687
6403 5987
4011 7946
7338 6353
5958 5873
4982 5523
6978 6108
4619 4653
4857 4227
4654 4752
4399 5610
5223 4182
4028 6468
5400 7157
4190 4425
6987 5770
5856 6089
7654 5387
5258 5262
7204 6403
4382 6030
6805 6432
7729 4689
6037 5286
4710 5894
4232 6134
5080 7288
6631 6170
5927 5066
7838 7257
4976 4414
4877 7166
7227 6924
5464 4192
7723 5229
7841 7301
4569 4366
5357 4602
6645 6905
5045 5747
7847 6306
6936 6409
4142 6481
5068 6755
7191 4098
4042 7943
4519 7588
5347 4397
5559 6996
6619 6136
5412 5266
4802 4276
6452 4906
4462 5051
4613 6891
4932 4390
6993 5304
4480 5438
4753 6920
5199 6404
6166 6887
6288 4073
4941 4067
6237 6958
6655 4829
6608 5815
6523 5168
5711 4898
7339 6457
7278 4900
4100 6753
5932 7765
7073 5463
5005 6762
7305 4893
4869 5371
7136 7431
6846 6366
7816 6408
5803 7039
4696 7981
7131 7292
4167 7304
4493 7134
4223 7161
6212 7791
7238 4545
6571 4048
5290 7088
4687 6348
5600 6717
5236 7463
7538 7618
5255 5903
7290 5922
7015 4358
5485 4420
5285 7265
7193 4224
5045 5412
6243 7709
5843 6014
4781 6650
5446 7695
7991 6820
7996 5217
4823 6633
4696 4714
5461 6910
7735 6574
7928 5308
6835 4447
4266 4742
6450 5701
7737 4197
4972 6440
7122 5744
5830 6719
4625 8008
5964 5123
5250 5954
6052 7639
5132 5270
6111 7394
4750 5583
6904 6822
6815 6328
5507 6145
6639 5969
4339 5237
7348 6528
5669 7338
4317 4926
7399 7539
6655 7585
4834 6568
6128 7378
6830 5299
4775 5102
4035 5749
5416 6509
6648 6252
6214 7541
5516 6433
6169 5232
5502 7777
7702 5828
5855 6060
7218 5664
5018 6759
4064 4853
7608 4155
4637 7985
6778 7497
4597 6278
5506 4086
7914 7118
7263 5732
4117 5894
7504 5017
4560 4183
7696 7194
5686 6638
4097 5277
5138 4733
7081 4076
5100 5949
4796 5035
7382 5270
7441 7460
6032 7015
6237 5445
4270 5239
5249 6863
7524 5991
7740 4097
4199 4816
4300 5107
7316 4949
7009 5431
6329 6688
5117 5003
7995 6744
5015 6478
6390 4880
5103 5195
6752 4265
6210 6374
4203 5522
5845 6789
5409 7749
7308 7895
4983 4305
5277 7333
7844 6265
6447 7378
6280 5234
7639 5777
5412 4349
4566 4576
7206 7271
5614 7176
5153 7858
4828 5135
7581 5781
5048 6033
5260 7222
4345 4398
6114 5139
7610 5095
4153 4135
5063 6334
5759 7640
4766 7030
4904 5619
4405 4240
7407 7427
4574 5266
6668 4571
7342 7236
4900 7957
5367 7163
7029 4409
7412 4653
6702 7104
7232 4828
7846 5926
4974 4214
6269 4470
7009 7345
4573 7205
6050 4722
7949 7132
7519 5659
7982 7260
7083 5470
7644 7552
7939 6002
6791 7514
6746 5815
4022 5613
4530 7033
5794 5480
4679 6134
4286 5594
6741 7951
6773 7095
5797 5657
5955 6405
7403 7601
7147 7202
6415 4103
4469 7050
7743 6104
5812 7562
6485 6185
5933 5305
4153 6105
4198 7423
7908 7149
6151 5059
5827 6273
5753 7934
4517 5939
5155 6569
5880 4125
5052 7231
6261 4351
7755 6890
5251 6311
5229 4930
4695 6955
7388 4119
7435 6023
4444 5212
6419 4559
5069 5375
7783 7462
6601 7136
4792 4716
5805 6549
6824 5560
6653 6831
5349 6947
7264 5023
5291 5143
5781 6943
6749 6979
4927 7401
7673 6468
6263 7191
4323 7965
6082 4412
7565 7538
6682 7583
5828 6706
5140 7992
7412 5427
7565 7989
5015 5256
4436 7345
6931 4716
6099 4408
4393 6727
6383 5581
4357 4905
5691 6879
6368 5020
4984 5981
6409 7169
5092 5034
6134 4920
7669 4730
6436 4624
7287 6548
4895 4631
7206 7271
7424 4383
5298 6836
5558 5393
5173 4009
4550 7961
7745 4163
4360 7986
7162 4733
7913 5469
6236 7758
6126 5875
6706 6776
5534 6514
7929 4364
5172 7044
4751 5959
5284 5216
5231 7917
5984 6726
7384 5229
6526 4663
7923 4583
7854 4490
4025 7826
7160 7357
4894 4460
7166 7302
6966 4663
7126 6353
4007 6113
4077 4855
4764 6495
7829 6391
7815 6242
6115 5834
7767 5682
5345 7694
4676 4372
4809 7621
5655 5689
4113 4104
6011 4504
7903 4081
4325 6791
6360 5809
7398 7832
5597 7698
7886 6001
7628 7016
6689 5688
6428 4688
6914 4914
5224 7323
6948 4428
4122 4702
4798 4506
6369 5284
5232 6888
7526 7239
5053 6590
4535 5946
6376 6614
4894 4198
7226 5008
5134 5531
6114 4005
6487 5874
4361 5012
4174 5827
6619 5844
4542 4562
6247 6091
7255 6229
6095 7275
5612 5260
4824 7281
4760 4969
5885 6422
7116 6926
4471 4779
6193 6420
4656 6393
4462 7979
6209 6102
4224 6721
4613 4914
6794 4927
5673 4354
5831 6440
4035 5541
5767 6437
5685 5501
5805 6690
4397 7780
4622 4434
4796 7043
5435 4850
4917 7648
5090 6252
4654 7287
6545 7741
6995 7908
6125 7971
4544 4233
6020 6783
6649 7383
4306 6993
4654 5336
4569 7827
4302 4977
4845 6646
5814 7418
4757 6813
7438 7793
4308 4518
5447 5387
6325 4803
7247 4053
6610 5055
5255 4134
4153 4658
6573 7494
5673 4221
6279 5626
5630 5445
5615 7982
4485 7162
4986 7718
6201 4553
5955 4446
4196 6405
4537 6592
6763 7740
5377 6184
6565 5014
6579 5766
4136 6813
6134 7064
4027 6280
5485 6476
6857 4774
7407 5724
7087 4445
4385 7029
6618 4525
8000 7352
7872 6303
6968 5239
5826 6110
5044 5062
6879 6777
5732 4147
4053 7940
6269 6131
6611 4455
6069 7341
6078 5206
7083 5205
5920 6173
7138 5325
4303 4174
7264 4162
6008 7386
7992 7880
4960 5841
5970 5924
4361 6273
7446 7488
6967 5814
6105 6042
5569 4436
6908 5062
6211 5492
6582 5862
4166 4498
7938 5006
5940 6611
6022 6365
6466 5530
4261 6491
4073 7549
6997 5956
5188 4506
4891 6071
7064 6651
5721 5610
6337 4055
6874 6948
6944 7566
4036 7533
4878 5180
7991 4945
4188 4642
6543 7557
5011 5218
6241 5817
4525 7688
7559 5965
6538 4383
4073 7027
4648 7012
7704 4239
5868 4014
4642 4596
4578 4880
4421 7781
7958 5232
5791 7617
5261 7251
6999 7234
6318 7445
7789 4165
6923 4287
5751 6370
4646 6411
6561 6489
7447 6650
7604 4463
6477 6000
4743 7817
6738 7709
6702 7726
7922 6935
5585 5769
7133 6893
5486 6456
4759 5576
5094 7901
5835 4856
6959 7427
4967 7106
4712 4685
4180 5326
6736 4760
6004 5408
4029 7778
5898 7284
5364 7920
6386 6502
7856 5042
5925 5261
4088 5943
4550 7633
6764 4091
4352 5371
5184 8004
6880 6615
7490 7015
5842 4457
4218 4200
4627 5657
4271 6014
4348 5017
4750 7709
5485 7998
5613 5151
7373 6845
6686 7536
5583 6751
6800 5506
6173 7074
6459 4699
7002 6606
5117 6776
6136 5950
7411 4321
7504 6831
5332 4503
4756 4900
6401 7481
5756 5563
7633 6031
5234 5411
5333 5641
5458 6040
6265 4375
5639 6795
6859 6662
4331 5190
4096 5197
7128 6856
7133 4237
7328 7899
5372 5009
7231 4394
5471 4319
7744 5193
4556 5174
6114 4004
6619 7581
4928 7330
7258 4996
4991 4165
4301 6840
5391 7033
4049 4711
7616 4682
4034 5044
4203 4114
5909 4811
5607 5621
4037 6559
7244 7670
5257 7258
7649 4983
4811 7602
6786 4029
5013 5944
6463 7344
5491 6029
7658 5776
6641 7418
6432 4202
6496 6769
6242 5960
5427 5737
5515 6706
4203 4248
5209 6279
5074 4215
7887 7975
6467 5796
4969 7347
7627 4045
4686 6992
7512 6709
6815 4360
7139 4868
4464 4181
6254 4813
7137 5922
6615 4184
6651 7913
6971 4626
5610 4837
7457 4701
7274 5311
4506 4670
5530 7905
6738 7080
7961 7845
6126 5253
5877 7506
4160 6526
5765 4972
6681 7084
6090 7412
5150 4170
6223 5004
5717 5323
6350 4978
4184 4123
4748 6674
6182 4091
4673 5331
5940 6357
6469 5451
5623 7458
7061 6730
